100
2 4 10 13
1 3 5
2
1 12 42 56 75
2 6 7 8 94 100
5 9 16 32
5 15 25 30
5 19 21 26 31 74 87
6 23 97
1 11 37 40 82
10 14 48
4 18 28 72
1 24
11 49
7 17 35 63
6
15 22
12 36 50 73
8 20
19 27 29 44 88
8
17 41
9 47
13
7
8 65 86
20 96
12 33
20
7 71
8 93
6 34 38 45 70
28
32 90
15 39 66 95
18 43
10
32
35 58
10
22 53
4 51
36
20 46 55
32 57
44
23 54
11 91 99
14 62
18 52
42 59
50
41 60
47
44 69 78
4
45 68 81
39 61
51
53 67 80
58 64 76
49
15
61
26
35
60 83
57
55 85
32
30 98
12
18 92
8
4 77 84
61
75
55 79 89
78
60
57
10
67
75
69
26
8
20
78
34
48
73
31
5
35
27
9
71
48
5
