10000
2 3 5 12 46 181 253 320 359 389 499
1 6 20 50 3672 5470 5994
1 4 8 44 1201 1251 9649 9986
3 11 90 143 422 3178 3216
1 7 112 154 168 590 1828 3596
2 26 49 73 74 156 469 748 1578 1661 5924
5 10 23 29 55 96 114 446 678
3 9 13 14 36 284 424 1583 2974
8 43 51 87 1008 1735 2270 2409
7 15 54 76 728 934 954 1280 2716 3379 4763 5523 6547
4 16 75 115 167 224 429 809 1053 1738
1 17 32 229 378 2296 6719
8 58 325 824 963 1038 4984 7132
8 18 48 83 794 1118 1270 1303 2507 2834
10 22 37 95 744 4270
11 27 35 56 760 3432 3639 6948
12 19 21 239 309 358 404 2149
14 31 91 93 100 2214 3756 4082 4408 6902 8258
17 25 30 65 234 1537 5102
2 301 411 653 1284 5793 9474
17 81 102 122 2357
15 24 41 107 170 2256 6174
7 34 52 150 553 994 1164
22 70 347 502 1282 8253
19 205 222 254 314 884 1794 2453 2833 6312
6 28 33 59 110 162 216 252 1555 1802 9278
16 45 47 135 191 953 1182 2584
26 39 40 68 77 120 701 9788
7 62 105 420 1833 1932
19 79 829 1827 2277 3448 4206
18 42 396 673 846 6959
12 78 257 3746
26 152 1392 5729
23 933 1172
16 38 80 1023 1157 2300
8 282 371 2448 2871 4349 5825
15 6931 8309 8484
35 63 106 262 285 711 1262 2224 2958 5757
28 141 2688 3570
28 111 246 409 560 1991 2108
22 57 69 97 425 513 1197 2127 6046
31 64 84 129 142 173 175 2866 8161
9 60 61 546 720 3258 9234
3 101 237 745 1809 5122 5961
27 72 2863 3029 3902
1 85 103 489 2795 6500 6939 7623
27 67 1994 7039
14 82 450 492 569 1247 2865 6601 9391
6 53 66 139 146 1456 1633 2625 3406
2 94 220 361 725 4087 4974 8789 9990
9 127 556 1956 6034 8222 8573
23 340 364 4664 5274 8969 9151
49 71 209
10 164 1952 5036
7 118 211 236 604 1283 5416
16 137 781 990 2572
41 565 2745 7474
13 99 318 341 1021 1503 6344
26 183 2200 2694 2813 3882 6820 8425
43 149 853 1576 4848
43 88 174 401 1683 6267
29 260 297 428 519 1060 3236
38 823 4580 8440
42 268 675 1275 2796 5526 8575
19 98 566
49 153 187 217 243 835 1134 1525
47 117 930 1155 5063
28 108 3024 4555 5248
41 200 201 248 269 307 2901 7914
24 104 131 391 500 1310 3610
53 130 950 1477 6989
45 1921 3421 9392 9530
6 119 123 706 1228 4660 5166
6 418 432
11 4655 6542 7014
10 134 417 6474 7227
28 317 1102 2433 2726 6227
32 441 476 506 764 832 4098 5098 6672 8070
30 86 92 259 473 1006 3682
35 89 144 188 190 1577 3787 8593
21 195 289 1544 2744 9781
48 125 670 816 916 983 8088 8129
14 126 266 6513
42 177 439 443 475 481 1079
46 140 215 754 784 2567 4757 7332
79 1637 5485 6747 7257
9 206 305 639 2676 4869
61 198 1859
80 287 454 852 6235
4 1115 1245
18 227 270 523 666 1003
79 2904
18 148 214 233 296 1000 1025 1026 1108
50 116 121 352 466 828 1105 1674 3039 4504
15 334 416 1384 1771 3004 4743 4839
7 414 650 1732
41 113 562 1498 2068
65 218 775 837 3180 5547 7091
58 444 668 2487 2968 8114
18 133 147 155 1513 2858
44 756
21 165 510 951 1591
46 138 1040 2419 2563
70 163 298 2126 2951 5747 6028
29 109 376 1120 1323 1887 9241
38 232 462 733 891 8567
22 551 1333
68 311 786 1086 1185
105 161 275 312 712 2480 8833
26 333 685 1020 1194 3607
40 354 1703 5596
5 838 978 6233
97 124 258 304 693 742 1133 6865 7880
7 207 584 1082 3167 5848
11 132 313 524 1553
94 136 160 242 715 1203 2185 2589 4326 8214
67 299 1083 3196 5194 7328 8102
55 157 292 303 582 1541 1754 2580 7397
73 208 872 1256 2332
28 355 412 468 628 1240
94 212 264 515 703 899 2179 5782 6411
21 919 7196
73 128 319 554 1466 2449 3524
113 219 4075 8762
82 801 1998 2827 3100 4070
83 151 235 263 323 589 1930
51 199 390 1234 5042
123 3752
42 356 6155
71 533 1089
70 342 2924
115 2527
100 184 185 1250 5199 5410 9077
76 349 505 861 2561
27 610 3556 4540
116 734 1893 2295 6354
56 385 427
103 491 747 2267 4099 5482
49 640 3413
85 145 528 771 949 3978 8810
39 159 426 1866
42 197 445 527 2678
4 398 436 498 7958 8272 8439
80 558 1862 5762 7376
140 437 488 578 1546 1793 2293 6968 9962
49 4893
100 158 171 178 402 2025 3198 3278 4873 5072
93 369 567 1568 2503 7137 9531
60 194 645 722 1483 1924 2569 3634 5683 7471
23 176 189 226 277 419 1022
126 1200 8976
33 182 255 1489 3247 3998
66 186 548 9360
5 179 225 607
100 4601 6526 7725 8367
6 908 1939 2153 4220 5676 6329 6532
118 977 1042 1510 1846 2945 3790 9783
147 193 196 423 431 1652 2249 2358 7495
141 238 669 1345 1647 4556 6087
116 166 3005 3256 6652
109 2072 2595 3013
26 261 279 435 486 770 3325 8363
104 574 1873 5069
54 231 283 3407
102 1098 1423 1670 1689
160 293 324 672 1579 3046 7265
11 169 778 2512 3574 6343 6979
5 372 442 2367 2782 8445
167 213 310 1252 2997 3439
22 274 587 3160 3169 4298
147 172 192 380 410 1253 3767
171 526 621 1206 1660
42 339 1081 1822
61 210 288 690 1221 1707 3210
42 180 230 2425 2491 3801 7737 8107
150 367 906 2434
84 346 495 8779
147 1950 2234 4734
154 326 4001 7191
175 381 2032 2393 2532
1 413 3559 8936
152 353 461
59 202 203 869 3118 3259 6369 8707
133 1295 2016 4626
133
153 290 7850
66 245 291 576 4291 9535
80 223 251 1366 2391 9765
150 795 1369 9235
80 393 536 1911
27
171 1627 1850
158 247 276 613 2823 5075
149 985 1085 1099 1259
81 1972 3328 6248 6450
158 7150
142 403 1111 1729 4147
88 265 5597
127 9277
69 308 482 1223 3215 8551
69 573 763 1265 1281 2492
183 273 397 1046
183 204 294 531 755 1418 3674 9156
203 406 3544 7480 7679
25 241 717 2383
87 250 550 741 2463 3359
114 221 322 818 1244 1294 5039 9005
119 315 434 1448 2102 4302 9034
53 1479 3813
174 240 2098
55 743 1093 2759 3254 5140 8741
121 796 4151 6162
169 487 905 5587
93 1658
85 464
26 281 383 1162
66 600 3235 3361
98 228 559 1056 1362 2578 2736
124 405 708 2948 3163 3960
50 256 540 1606 2994
207 586 696 1892 2962
25 1719 2615
188 357 375 821 3032 3678 6561
11 286 1718 3974
154 1619 1796 2101 4307 9261
150 4933 5182 5868 8720
91 267 300 1113 1422 2069 2100 4318 6938
218 1540 3310
12 3565 8488
175 497 1746 5177
164 1174 9199
106 3748 9085
93 2379 2784 8712 9567
19 591 1509 1948 4779 5835 8295 9271
126 447 588 2092 4457
55 751 955 1103 2145
44 688 1059 5930
159 958 2366 4810 7217 8051
17 343 877 1337 4724
210 336 529 1571 5026 5563 6281
205 335 1191 4007
116 244 366 782 3648 5686
66 520
242 280 1567 5392 7573
187 328 541
40 249 535 883 1491 1694 4994
193 629 6203
69
246 316 363 598 1643 4919 8189
206 330 448 9165
188 272 808 865
26 577 1461 1604
1 2560 6988 9420
25 1213 2609 3424
152
220 1825 2255
32 514 620
113 561 651 4108 5535
79
62 804
162 365 761 2368 5861 7318 8463
38 332 360 1681
126 271 552 5136
121 1817 2004 2857 8334
198 917 3284 4229
83 860 2007
227 278 467 944 1067 2498
64 544 615 814 1051 1199 3059 3281 6336
69 868 1236 5320
91 373 608 1543 3309 6589 6638
263 331 596 1450 3838 4422
251 351 453 2160 7750
202 2535 5921
170 295 537 3703 4438
109 1316 4680 6073 6458 7129
193 451 1167 6295 9168
150 327 1009 1073 1276 2125 2280
267 399 4913 5154
162 1171 5191 6856
244 306 1342 3560 5145
216 485 522 931 3202 7436 9493 9551
36 1186 1589
164 572 785 1050 1084 5789
8 965 1997 7341
38 682 765 4005 6604
224 329 1381 1867 2020 2311 4631 7176
89 472
174 507 2356 2500 5406
81 302 408 749
186 1561 1659 2049 2087
187 2405 3299 4121
118 2420 4999
166 721 887 1813 9827
203 392 430 969 1785 2740 2801 4470
274 1168 1441 1717 2161 2657
93 638 3990 4046 6600
62 1132 1570 2693 3809
104 421 1014 1143 6069 7556
117 338 449 2884 2965 3232
227 321 379 460 700 1565 2088 2786 2809 5222 6149 9454
20 856 1512 2441 2961
289 407 593 642 842 1338 1572 2444
118 478 8003
113 386 1159 8066
87 532 2328 2771 3805
280 382 674 4416
69 679 2139
200 370 538 659 1104
17 855 1936 2432 3033 4424 4716
169 1699 2278 4252
108 388 2146 2336 3655 4104 6927
109 2009
115 337 680 5503
25 3155
208 3272 7952 8265
249 539 2359 5593 6298
77 1744 2614 2763 2826 9225
58 387 3723 7279
123 394 465 503 1129
1 850 1648 2235 9601
300 384 705 2952 4701 7168
207 348 1332 1545 7231
126 362 545 1293 4659
166 665
13 964 1305 1496
179 1004 1845 3555
277 2135 2345 6651 6738 9035
245 483
286 5119 5607 8277
250 345 484
271 350 457 656 698 898 1488 3072 8513
262 368 415 652 1027 3139 7201 8856
110 1839 6159
95 699
241 1308 2081 7876 9252
240 738 1421 2042 2429 3649 3988 4861
313 2641
299 440 647 726 7286
173 344 635 1639 2221 2313 5105 6485 9639
52 504 3638
58 943 7346
131 614 739 874 1630 4072 5463
239 1288 1327 1469 3237 4808 5181 6606 6626
339 377 2539 4015 4684
330 518 583 644 799 2989 3020
177 509 611 1596 1837
24 618 896 2090 3410
322 395 767 1090 1454 2114 7307
134 2727 4471
331 452 6111
272 479 595 1368 1682 1781
94 8215 9008
182 1257 1631
111 2107
120 470 2494
129 455 1034 3436 5917
223 962 1179 1239 1268
17 1330
1 599 723 2802 4139
262 2175 4566 5629 6272
50 710 1322 7564 9647
323 633 1611
249 374 1385 3292 4490 5576 5659 5837
52 1013 7296
261 2257 4403 5690
242 490 987 2551 6945
176 563 1542
332 1463 1957 6793
148 508 516 1999
308 471 788 1494 7139
36 3865 4485
168 689
270 692 1531 4245
363 605 606 2497 4281
223 909 2445
105 549 2117 3329 4146 5538
344 480
12 942 1130
300 617 1243 1919
171 758 1329 2325 6479
180 2402 3836 4772 7464
306
216
321 438
137 2526 5110
304 400 1065 2384 3321 7305
318 713 774 2899 3989
311 1052 3510 4153 5666 7957
1 793 802 3275
127 787 866 1001 1474 3087
70 1299 1684
294 602 1317 1375
190 534 3355
319 813 927 1405 1779 4633
348 2703 3265 4785 8346 9585
31 938 1756 2977 3494 8713 9018
202 597 980 2340
143 1145 1286 1575 1986 2273 3393 3573 4277 4550 4744
278 904 2430 5952 6742 6857
386 826 834 3049 6829
61 433 667 4776
147 876 2056 6350 6572 9684
197 2622 4165 5051 6173
17 5196
219 646 664 729 1335 1730 9999
204 1137 1304 1727 1969 2197 5586 8444
302 841 2406 3103 4787
289 1402 3450 3642 7103 7354
40 648 719 840 982 1350 1382 4911 5066 5878 7008
171 637 998 1289 2227 4816
20 2104 2303 5763
120 2245 2651 3492
181 557 746 1556 2679 2852 7990 9479
96 940 2691 5156 5711
332 1173 7767
95 702 1291 1460 1763 3701
76 525 2220 3551
74 581 1644 6516
150
29 1207 9556
298 564 880 1070 1767 7984
4 1465 7405
158 494 3166 3549
8 458 555
41 2266 7558
141 7819
137 897
62 655 875 5208 5979 7830
11
294 676
158 459 463 858 2022 5496 5774
74 1076 2701 7491
401 735 991 4906
208 456 1393 1420 2212 5028
162 1485 1593 4180 8642
143 7371
145 2496
384 568 687 862 1447 5609 7504
84 961 1407 6103
338 6197 9243
78 1169 3031 4332 5450 6142 8867 9532
168 1836 6224
84 623 928 2173 4486 7311
99 603 981
142 3038 4669
7 695 1865 2103 4729 7716
235 511 2059 2723 4702 5304
250 474 662 2233 8978
299 9394 9604
48 6048
276 5662 6269
350 512 517 1074 2237 3220 9300
272 1290 1431 3316 4552
89 2987 7777
356 543 612 718 1029 1678 3392
434 5425 6182
331 1697 2037 2061 2394 3222 8293
424 2013 2797
431 625 2743 8891 9842
300 1584 3063 8697
182 1607 3088 3842 6037
106 677 779
431 2012
215 477 1062 9969
319 496 1142 1211 2855 2900
94 1071 5226 9070
267 616 626 1011 2534 3373 7808
120 530 1346 1990 2017 3793
6 2658
355 1753 5014 9123
370 776 2271 8321
287 724 3106 4043
79 643 1012 1370 2377
448 2229
84 830 2205 6006
78 7424
464 1054 1414 2428 3336 3612 5925
303 1151 6177
351 1016 1888 3113 4329 4814
377 2243 5702 6023
84 727 929 956 6700
200 1864 3185 4978
328 4924 5256
330 493 542 1354 2361 3434
281
162 697 893 1804 2089 2320 3937 9599
213 4786 7407
145 1044 3276 3594 5554 7720
46 910 2475
366 501 579 3500 4517 6739
138 521 636 2602
48 1097 1470 2632
484 2030 2955
423 1058 1193
177 594 1396 1559
465 1077 1353 1646 2067 4458 5884 8755
230 1166 1590 1669
143 641 6140
1 3083 9971
70 914 5577 9697
490 1878 3219 7356
24 1835 3194 3848
319 1581 3345 7642
340 2021 2467 2566 2838 8199
134 1615
78 547 3910 3953 5780
288 1446 2338
369 836 857 6457 6874
346 997 8092 8407
102 2204
447 3921 7645 8999
452 1287 2898 6755
41 1728 2724 3636
257 902 1504 4363 5009 5568 9116
121 4388
369 601 2585 4720 6152 6356
452 1355 5381
345 609 2721
62 3002 5055
243 1110 2960
491 585 3966 4997 8974
281 1592 2520 3176
91
115 1037 2036 3742
417
172 2162
142 631 1235 1467
140 1520 4583 9127
240 570 1608 9629
468 634 935 960 4269
203 681 1306 1692 2599 2650
305 1334 7002
130 716
393 773 1225 6678
246 630 1230 4064 4451
190 619 622 657 1043 2157
274 1428 1434
308 7624
316 3896
220 8510
245
484 2180 3344 3975
455 654 825 1389 6234
268 843 2181 2335 6818
323 932
43 1091 3182 3572 3927 6725 8314
506 1150 1677 1886 2390 5991 7717 8906
153 791 924 3685
376 1069 1638 6761
206 937 1897 6752
107 731 4788
263 1445 3012 4968 6387 7378
23 2151
123 704 792 1656 2756 3705 9192
424 571 1933 2231 3468 4500
51 772 1573 1942
413
144
218 1426 2424 6175
40 1018 7646 9099
258 936 1032 1605 3826 4246 4878 5021 9302
97
367 580
421 2675
57 1161 1363 2310 9756
65 575 1514
148 820 925 1373 2276 4083 7095 9496
438 9699
48 1047 4051
529 592 777 806 5634 8504
555 918 7797
283 1119 3645 3707 4983 6377 8800
201 1740 2582 7366 8347
163 730 783 1747 2382 2634 3209 3493
566 3064 3286 4183
187 810 1696 2260
252 979 1558 4311
145 2706 4019 8337
490 1136
563 658 4736 5623 6161
418 1078 9644
118 660 1883 2493 3916 4423
345 1962 2631 7485
114 737 2385 2830 4027 7724
521 1508 1758 1773 5033 9282
221 797 1685 7283
170 805 1210 8133
235 999 2473
126 769 2355 2411
5 1254 1875 1934 3807 4755 5426
234 4689 4885 6375 9615
570 819 6420 9622
302 3375 7684
495 895 1815 7931
351 1131 3737 4809
271 671 1501 1526 5876 8048
397 3257 5883
249 922 1343 3699 5286 7391 9320
359 732
217
516 1146 4695 6220
392 2564
444 2669
55 1843 5520
374 1357 1918 4819
374 2129
154 632 974
270 661 2417 5376 5748 6061 7177 7482
518 1610 1743
135 740 986 5193
346 750 1311
455 878 3630 4157
193 1066 1820
342 812 1048 1417 2484 3394
268 886 1645 2469 3936 4204 4662 7695
467 663 939 7678
379 2170
347 870 1502 2973 6180 8558
536 683 2739
257 624 923 1410 2283 4578 9001
172 686 1061 4110 4411
536 822 1233 3694
443 1160 3040 4292 7885 8172
620 2053 5976 7845 8137 8509
459 1041 1156 1672 1745 1855 2748 3831 6415
467 627 3475
626 1487 4630
120 988 2442 7790 8203 9865
247 970 3224 4359
535 844 6841
527 966 1312 1484 2803
607 2464 2864 3027 3102 4286
362 1493 2302
530 1024 1379 4065
339 1273 1587 2015 2665
491 2159 2789 2933 6345 9051
410 1158 1876 3056 7128 7856
296 6099 6405 8117
87 649 3244 7692
139 849 1122 1436
498 1641 4784 4882 8772
302 709 867 2937 7252
473 1439 5446 8379
345 901 2252 3847
149 967 4693 5150
405 736 912 1507 2344 8086 8353
338 3829
409 815 1063 3061 6553
639
96 1599 1600 3646 5887 6056 9407
258 946 1409 1920 2141 4836
332 5206 6697
20 1204 3122
543 1784 5013
428
331 1138 1178
536 1552 9793
580 684 6686
308 1055 6621
582 1277 2400 2970 6115 6407
608 1516
448 3066 3207 3279 8661
616 1442
405 1359 7181 8926
324 1984 2717
91 2579 2798 7153 7600
401 885 1960 5245
99 847 2991
159 1116 1217
82 691 1017 4352 4480 6893
596 2010 2123 4970
166 1049
31 1002 1518
306 2737 5282
64 757 2514
430 1778
462 6100 8912 9043
7 2228 8380
307 694 1987 2041 5692 8300
313 1654
531 1750 8067
285 1790 1829
619 753 1226 2188 2931 9642
658 780 941 1279 3515
110 817 1788 2538 2680 2785 6271 8306
621 957 4902
438 766 6158
237 2006 2380 2522 5549 6921
372 714 911 2241 4726 6687
174 1302 1521 3954 9287
670
373 831 1019 1356 7392
113 848 1665 2672 2896 3761 4492 9685
679 707 1121 1554 1739 3168 4381 5186
446 889 894 2923 5557 5850
221 1702
486 4164 5715 9291
331 2654 2944 3444 5969 9752
334 1183 1560 6021
300 1964 3268
28 762 807
416
121 845 5619
554 5873 8964
321
73 948 1695 2349 6860 7127
694 3114
219 839 1068 1148 1320 6293 8758
642 752 800 1403 2165 3174 3716 3957
361 1406 3384
38 3508 3880 4210 4353
109 1533 1625 4777 5394
387 790
689 2877 3732 9332 9973
116 768 1030 1237 9525
533 1015 1380
205
455 789 913 5769
409
43 1028 2096 2755 2832 3323
293 1212 1499 2219 2407 3242 8063
149 2508 2844 8122
359
472 1005 1538 6049 8015
50
338 811 1220 1229 1629 3618
481 1175 1861 2133 2729
10 1397
405 1123 1416 6084 8040
574 1141 1424 1851 4219 6030
551 1124 4350 7501
599 1126 5054
106 1176 1706 2178 4400 5040 6399 9770
136 1411 1983 3471 7505 8774
433 2142 5287 6107 9231
646 1125 4704 6299
584 1080 4746
336 973 2242
342 1755 2258 9512
610 5679
206
113 952 1057 1777 8785
211 4055
15 1618 1621 2440 6444
44 1246 4080
413 2581
138 1386 1486 4738 6506 7565
6 1092 1495
289
611
236 759 2698
709 1569 3647
683 984 989 2291 2988
85 833 1035 1429
203 882 1087 1711 1736 9577
101
675 1898 4214 7742 9533
380 1222 1700 2147
751 1376 3156
16 920
261 1401
701 1869 9754
201 827
78 1884 2189
285 3371 4053
687 854 7262
348 803 2621 7441
715 2753 3358 5752
589 1007 1709 2166
162 1663 2472 4036 6903 7028
140 921 3117 9646
556
534 1574 6593
387 2725 3239 4274 6416 7078
98 2929 3462 3769 5843
471
570 1095 1858 3273 6077
167 892 1336 2757 3758 5938
462 1480 2668 2750 4721 9057
684
56
242 2075 3380
574 5955 6766
85 1522
283 2118 3267 5302
108 1331 1821 2044 3795 8960
390 5003 5996
370
718 1224 4849 8977
713 1106 2541
548 1965 7235 7431
554 1218 1582 1617 2312 2687
389 1117 2329 3105 7075
14 5291 6243
189 798 1188 1430 1476 3014 7469
212 1232
586 2172 5810
795 2029 5241
345 1847 5388 9236
709 1391
125 1832
389 4668
767 903 3184 4866
260 1096
587 1140 1928 2846 6736
570 873 1075 1453 4186
701 890 5247
251 5267
11 7451
576 976 2043 2396 4874
726 4344 8667
614 888 9226
394
268 881 3285 6217
648 4394
82
685 1307 1955
207 871 945 1181
592
567 4233
223 2521 8989
622 1691
63 2820
13 3226 9398
543 3599 5650
400 864 3132 9876
763 2905
94 1209 1566 3697 6611 6894
30 859 1033 1881 2279 2461 7893
475
692 1551 2113
78 1905 2275 2903 4887
754 851 2066 9494
400 971 1326 2378 3852
66 1010 1891 2168 3092 7297
508 5315
98 4537 6381
112 1205 2849 4154 6445
708 1440 2807 6341 8141
409 4351
407 1377 2078
302 5050
544 9416
630
703 1762 2490
31 863 900 975
668
693 2499 3818
640 2018 9104
320 1664 3053 3750
833 1039 2525 2887
89 1490 1799
60 2870 3496
766 1180 1267 1971
309 1107 1404 2713 8157
301 926 7319 9863
508 992 6772 9037
431 1271 1500 1680 2201 4543
829 1187 1372 1880 5236
266 879 2712
134 1433 6986 9095
438
846 995 1266 3098 7868
826 1128
251 6946 7074
390
642 3199
269 1943 1989 2374 2592 4207
183 1586 2946
618 2177 5816 7719
818 1675 2190 2247 3408 6365
119 1112 1478 1534 1708 9387
806 2709
342 1721 4468 7666
428 972 1184 2132 4740
402 959 1198 7439
239 1045 2816 4367
612 1400 2292 2426 3288 6515
860
421 1114
814 1177 1231 1528 1748 4155
755 1278 1823 4588
246 1985 2828 5713 7370 9948
25 1523
667 1292 2248 7559 9097
615 1601 2207 5109 5823 8151
293
812
695 1907 3078 3495
807 4475 7896
106 2263 5132 8984 9017
778 2306
486 1371
695 2080 2735
594 907 1459 2164
347 1147 1649 1961
427 1192 2223
331 1324 4193
121 1242 2031 3843
846 2554 2867
644 3619 4544
514
803 2443 7568
399 1902 3774 6612
213 1100 1314
176 1249 2323 2839
895 2094 2542 2850
156 8352
375 1819 2288 6990
489 915
689
646 3080 8281
718 2699 3274 3354
500 1399 8159 8426
910 1215 1348 6051
82 4123 6114
265 5322
571 947 2154 3296 3512 5300 5755 6358 6978
122 4338 6546
760 3349
771 1797
598 7928
620 3996
548 1848 3205 5333 6529
567 1444 2388
856 4364
394 993 2478 2792 3429 4346
443 3376 7350
481 2912 3109 3743 5094
67 2003
281
545 1425
34 3399
10 1912 2874
530
561 2285 4103
550
396 4178 9330
616 1666 2337 7442
414 4442
684 1031 2787
378
341 1979 5283 7237 9687
267 5073 6496 7916
818 5167 6932
651 2943 5123
918
706 3690 4215 4564 6848
140 1272 5458 8979
71 6311 6676 9103
102
742 1857 2451
27 4057 4649 5031
10 6150 6891 8001
236 1899 2174 5417
481 1915 2319 7276 8578
686 1349 1588 2251 4463
238 1094
876 2040 2984 5117 5162
530 2474 5306 5784 6396
439 4373 9297
357 1227 5717 6125
13 996 1437
325 1165 1364 1395 1931 2024
284 4455
631 5982
645 968 3808 3863 5661 6819 7516
967 5378
294
629
834 5342
875
738 1088 5088 6195
607 2574 3441
846 1688 2732
810 1202
157 3075
112 1195 2682 8391
577 2014 2620 3368
397 1805 3211 4525
444 1613 3692 7555
409 2754
82
753 1879 7066 7847
194 1036 2661
610 4529 7881 8264 9140
366
628 1351 2886 4179
753 4947
56 1263 1941 2134 2601 3223 3611 3686 3911
433 6773
857 2548 2751 4217
927
23 3025 4825 7676 8166
863 1598 9836
963 1720
509 3016 3229 5005 7263 8604
410 1530
588 5262 6361
93 2362 4429 4843 7950
390 1452 3221 7535
673 1208 1296 1527 3282 3395
91 8944
326 1072 1626 5034
724 5838 6872 9395
79
769 3918
9 2728 3491 3924 8819
277 1109 3233 5581
835 6296
467 4489 9823
473 1780 1800
364 7649
298 2192 8013 9550
716 1690
479 1974 6592
670 4126
560 1506 4586
692 1241 2346 3124 4464
110 2577 4395 6129 7455
58 2128
150 1315 2949
35 3253 8120
634 1344 5548
93 1328 2203 2980 8108
93 1152 1458
332
720 2805 3200 3397 4613
455 8791
715 2315 2762
941 2365
561 1261 3015 9245
829 2077 2264 2647 5171
356 2343 4085 6009 8927
754 5449
985 6731
524 1963 2046 3082 4648
13 1255 1622 1792
851 1313 1539 2171 5983 6065 8219
103 1954 2314 4875
625 1492 1511 2268 8941
157 7921 9552
536 6323
488 1863 1903
877 3566 4181 4609 5881
202 3067 3538
569 3162 3370
614 3115 9720
672 1517 1751
283 1248 1519 2301 3465
268 2091 2143 3069 3241 7643
388 1154 1260 4392
11 8100
477 1388 1580 1770 9436
659 1300 2495
218 2138
742 2254 3609 4628
494 1457 2571 2607 3208 6279 7584
237 2052 3564 5151 7219
62 7430
621 3653
464 1064 1144 9929
648 4700 8678 9592
1062 1325 1473 9343
386 1258
613 3467 4257 5756
267 1170 1464 2023 2144 3214
708 1814 1935 5270 7273
549 3837 9878
421 3009 3708 6522 9357
466 3230 4253
1004 6027
277 1135 3629 3798
452 1632 2643 7962
806
432 1301 1634 1716 2523 2954
496 1153
581 1189 1365
84 1127
737 1339
173 1219 1810
114 3414 3734 5486
117
283 1824 1908 4528 6436
194 1826
108 2603
755 1723
973 6677 7261
130 2019 4081
348 3206 8139
546 1408 3458 3504 8844 9315
748 5832
211 2121 2232 2363
958 1435 3486 5704 7135
777 1190 1196 1710 6704 9347 9869
804 2619
492 1139
165 4956
194 1101
905 1341 1449 9915
1099 1791 2045 2308 2686 7627 8323
77 4545 9843
236 6730
308 1149 1163 1870 5591 6892
94 2636 4868 5841 8669
790 2322 6185 6690
855 2086
93 3290 4444
1009 3277 3661
520
197 1628 3138 4355 5898 7494
872 4745 6089
227 2552 7945 8825
880 5180
90 4905 8794
669 3700
793 5745
14 1529 5896
572 4190 9603
105 6851
694 6753
640 4200 4312
729 6758 7533
731 1427 1874
736
732 1725 2950 3148
1079 1505 1609 3398 6821 8294
864 5155
319 1882 3481 6992
378 1981 7650 8829
595 4767
297 2793 4715
113 3192 5875 6116 8507
66 1390 5562
1073 1642 1841
579 2106 2600 2781
406 1524 2547 3362 7365 9972
656 2916 5137 8032
1097 1616 7956
805 1636 2074
730 2334 3401 4105 6398
465 2516 7224
298 3068 3822
1062 1321 1978
398 2008
601 5153 9666
896 5894
708 1214
1104 1285 1701 2667 5361
547 2546
478
1026 2972 3520 5632
1077 1834 3673 4847
1052 7900 8217
67 1264 2169 2618 3121
625 1766 8745
35 1438 6327
637
304 2195 2381
623 2662 8171
565 1620 1917 2635 4571
216 3403 5886 8947
1104
23 6007 7072
964
497 6143 7944
276 2455 8542
295 1856
441 2253
1067
279 1623 3839 6576 7583
34 4796
415 5414 7668 9427
231 1415 1733 4591
727 2861
733 2208 2627 2711
881
656 1651 3386 4665
357 2783
854 6332
818 5515 5726
27 1885 2504
699 1367 2811 9068
875
108
282 2211 2330 2738 4131
859 3859 3979
795 1347 1653 4699
1078 7658
1095 1274 7211 9751
241 2919
897 2002 2957
494 1451 5065 6598 9329
110 1394 1548
978 1532 5120 6826
1095
41 2027 4372
876 3952 5403 7536
268 4608 4894 8716
151 2418 7647
3 3006
976 4313
116 1807 2742 9336
653 4815 7432
838
172 3718 4599 5616 8105
420 6840
1002
828 3094 7973
587 6247 7374
465 1216 2460
721 2766 3356 4503 6699
254 1536 5197
1148 2351 9734
915 4799 7587 9033
1211 3659 4493 4717
669 8723
792
1081 7197
726
174 5929
758 4991
200 1412 3895 4020 9273
789
534 2414 2531 9080
683
962 1764
73 7785 9645
726
535 8645
881 1297 2342 3289
796
622 1970 2476 2804 7299 7970
127 6070
527 2401 2483 4932 4996 5987
269 1238 1906 4440
715 1269 1662 2422 5047 5514
1236 2130 8279
357
120 2642 4981 5847 9727
1019 1782 2769 6383
899 2914
379
207 2051
90 1358 2941 4643 9502
745 3597 5895 6961
48 5233
1050 2610 2843 3291
906 7406
133 3338 5653 6591 8224
3 8836
169 1602 2155 5565 6449 6974 7835
171 2352 3466
590 2371 2875
1038 2071 3158
119 2637
353 1340 5681
1065
194 1704 2085
1052 4290
1032 2660
38 1789 2573 6456 6783
990 4549
1155 1360 1977 9614
201 9322
863 2287 3051
854 1378 4114 4967 5697 6252
357 1635 1655
1237 2681 3930
14 4368
858 1309 2705 3527 4306 5933 6810 6952 8339
949 1996 4521 4811
635 1413 3030 5864
1190 2922 6484
64 1481
277 3419
660 2137 2746 3452 7250
882 1686 2156 4687 9825
684 2316 2761 4016 7165
10 1472
201 5539
24 2034 3730 7266
55 1515 7626 7702
20 3627 4460
1149 5174
398 5899
512 5044
343 1298 1398
410 2261 2891
453 2530
416 1760
885 1443 1953 3720
323 4542
207 6674
184 1768
1002 1562 2387 2456 5205
1231 8095
1288 1419 1676 2272 3021
391 2794
1055 5007 5487 9087
1076 4324 5978
690 2392
14 1361 8939
406
325
531 1318 1712 2488 3000 4062 4331
817 4272 9775
335 3728 6859 7030
1271 3312 4159 7701 9265
70 4817 6492 7026 8387
611
631 6059
1039 1595 4141 5445 7653
905 2511
1022 2800 4496
275 1938 3315 4241
392 1594 2489 3217 3687 4955
1306 1319
1318 2136
708 7033
1144 1374 2193 2364 2375 2692 6823
361
105 2840
898 5651
1064
834 4218
343 1713 2297
1025 3057 3915 5684 9657
380 1769
358 1557
786 7579
322 1482 1698 6895
107
532 1462
405 4621
778
239 1853 8909
302
1080
1257 3011 3725
1100 1352 1535 3341 9290
280
598 2217
1024 3112 3620 8918
159 5751 7064
468 1432 1471 2082
1188 1455 2764 4340
915 9417
957 1812 3856
409 7167
988 1749 1752
1341 5362 7453 9106
496 2026 5744 5913
484 6983
517 3179
692 3365 4731 5078
605
1245 1966 3529 4003 5529 8072
664 1757
1264 3099
1303 3238 4118
218 5373
565 5760
964 1387
1078 2198 2305 3759 9845
188
1183 4980 6352
351
189
473 4060
893 1945 2116
859 1383 3447
567 3710 5294 6068
1321 3584 5820
392
759
841 8155 8759
1267
634 2028
716 1916 4499 5908
286 2477 5730
409 1787 5971 6839 8628
1372 1842 2199 2298
95 3460 6020
363 5500
747 4739
1364 4826 7428
1054 2559 4189
543 1947 2780
1134
800 2638
33 3120
434 1959
1194
964 2095
495
728
1288 2339 6151
914 1497 2238 3853
878
761 6289
408
709 8853
855 9624
394 2058
710 4231
439 2471 8164
1091
651
620 2502 3249 3473
734 1742 2054 2486
1223 3297
1273 1475 4128
477 2244 2659 3888 5746
1174 1946 1958 6257 8302
729 5654
614 3925 4328
203 2841
1298 1468 2079 8502
434 1940 7173
336 6870 9014
227 2112
165 6090
730 1564 3451 5232
932
559 3522 9114
1124
537
754
795 3052 3884
453 1995
1346 2039
861 3586 7888
537 4361
1094 1889 2005 5719
640
963 3823
1157 1549 6206
643 5252
839 2501 4837 8355 8943
295 1852 5263 5869 7986 8869
663 2920 3357 4519 7422
1292 1585
925 1671 2119 5519 9960
552 3762 5499
507 7060 8644
438 2184 2466 4166 4224
208
1100
271
1193 4283 5202
1001 3269 5808 7732
806 1922 3757
348 5545
1347 2225 8305
49
1058 2684 3187 5324
1026 1563 4406 6033
895
416 2183 3516
252 2213 2747 3045 3453 6428 9777
1334
368 3073
1067 1951 7182
422 3557 6499
123 4858
527 5384 6290 8160
1419 2259 5234 7155 8721
343 5742 6316 8098
492 2791 4915 4921 8084 8500
1346
1280 3047
1064 4037 4709
390 1550
1413 6969
795 4063
71
872 2685 3523
209 1774 3188 5368 7183
779 5111
1275 1904 3938
1332 4161 6582
149
631 1982 5990 6712
435
747 1786 1993 4432 4870 6067
627 2882 5688
331
152 7146 7686
852 1803 3183 9424
246 2274 8660
1041 1715 3667 4895 7005
633 5828
370
748 3814 4205
325 3571 4749
1399 2309 7639
97
721 2196
858 3768
596
618 4079 9897
58 1811
514 2347 2690 2986 9574
1127 3213 6246 7994
1018 1614 7158
646
585 2608
234 1937 6545
157 3488 8767
1041 6628
301 1547 2892 7775 9074
100 3150 5912
566 4934
1283 2889 3111 3456 5452
661
1049 1988 5288 7659
673 2671 3897
1050 5254 6649
528 1761 5319 5796
690 6291 6566
784 1894 5840
884 3251 5413
1137 2596 6707 7975
66 1603 4268 4705
596 2076
1002 1657 7540 8827 9210
881 2633 3509
1118 1844 3722
998 2398
373 2294 2917 4415 7083 7348
1195 5635
712
872 1871 5430 5678 9359
1341 2465 4747 5599
1213 7909
19 2333 9435 9593
724 3934
1039
228 8854
118 8470
367 2814 3616 9072
270 8807
81 2001 4523 5084 5116 6776 6800
322 5567
145 1668 3587 4023 4737
1512 2431 3751 7063
1194 2860 6777
1438 2752
1474 1868 3172 8782
831 1612 1975
657 4021
115 1722
694 5536
26 1776
413 2462 2959
1330 2250 4936 8029 8722
577 2939 7302 8889
495 6901
699 6998 9079
290 4640 5721
1296 2111 2587
1458 1992 3987 6003
1424 3201 9547
300 5902 6619
828 3463 5488
244 6241 7805
148
752
297 2158 2286
240 4431
302 2927 9761
556
773
398
60 1640
80 2558 2714 6544
6 1673 4561
166 2570 4943 9822
1054 2163 5932
503 3125 3581 8711
792 7145 9965
8 1667 1687
460
1443 1597 2981 3416 3985 6897 8816
869 8618
635
957 3695
282 3313 3992
497 1801 1895 1973 3879 9170
102
522
435 4990 7316 8002
1317 1679 3055 8230
1313 1806
346 1900
1585 4730
995 1624 3306 4279
650 7747
650
886 1705 2790 3904
1252 2194 5943 8342
1525
252 2975 5785
561 6623 8634 9776
220 1693 2799 3332 5184 7243
461 3058
529 3246 4048 6170
1127 4059 4396
609
362
1551 2423 3245 7324 8012
981
1506 4377
505 2011 3022 4495
1139 1929
792 4243 6053
744 2202 2397
225 3721
1161 9253
744 9397
1038 3116
1171 5905 9578
1598 1734 1910 2376 4937 6480
712 7001
1004
192 1726 8584
1111
726 8221
342
353 1772 2652 2909 3498 6705 9338
1074 2617
49 2060 2598 6535 8673
1076 1795 7360 8915
1268 2624 8579
1140 3631 5325
86 2519
549 2050 4576
339 9595
1576 1913 3711
641
1135 1775 8240 9267 9339
249 2482
418
615 1650 2360 2386
496 3035 9982
159 2656
320 5687
896 2063 5354 6527 9991
1645 5259 5941 8516
1178 4382 5382 6439
158
1188 1724 3387 7481
680 7629
1268 2131 2182 7402
554
1527
214 2354 3689 9356
290
172 1737
6 2318 5331
1237 1741 1818 3333
770 2097 6095
850 4111 4918 8499
693 8838
939 1714 3036 5552 9712
1583 8233
1546 2057 5101 9538
497 3293
165
1444
625 2122 9795
1578 2348
94 1783 8135
871
1298 7338 9610
547 2545 4795
455 3177 5018 9213
1594 2644 3747 4091
858
262 2416 4551
351 3519
61
391 9674
586 9680
1278 5015 6438 8177
1583 4481 6918
975 3660 5583
165 4188
1015 2825 3266
822 3850 6306 7113
531 1765
1606 9725
246 2167 3423
706 6850
576 3086 3089 6435 6682
457 7834 8535
1332 9024
310 3840 9946
758 7901
1149 2776
696 2403
111 9774
1259 3123
1601
733 2370 3845 5341 6464
174 2540
872 4570 7087
769 6716 8396
1095 3820 4756 5091
755 2410 2777 5922
1306 2317 5783
1327
1666 1854 2510
1492
1076
295 6953
224 1860
222 1872 2150 4421
996 2055 2282 5093
874 9596
1553
1087
1653 3149
1126
1627 1731 7524
406
513 3567 4859 6925
197 2353 2543 9048
405 1980 9242
1726 1877 5214
96 3318 5495
1174 9128
1624 8338 9228
9 5516 5800
755 3811
1660 3800
11 3225 3262 3545 7208
694 4447 5537 7768
573 3435
1662 1798 7061
1411 3773
609 4765
317 1838
625 2240 2399 2982 4145 6260
230
574 5061 7804 8924
881 1976 3668 8298
1351 1759 1896 4420
681 3050 6251 9988
1049
1351 2597 5338
470 5052 6641
118
739 2859 4212
396 2307
1359 5420 6022 8612
585 3404 3641
1749 1831 4538
1291 2290 2966 7040
1520 1909 2915
845 3428
416 8597
1227 8096
1692 1949 8753
1156 3301 3582 4127 8649 8908
421 1923 2454 2895 2907 4342
1295 2033 2505 3093 5737
1329 8064
1054 2124 4971
95 2447 7574
1631
585
1479 6511 7511
1642 4102 6379
1555 3621 5701
742
676
394 1849 2710 3931 4266
1012 2670
351 2556 2704 3548 3675
1241 2239 5400 9873
1674 3513
654 9167 9839
294 6171
1486 2281 4735 4917
1382 1816 2640 3364 6190 7863 9328
685 3171 4789 5709 6691
1262 5203 9985
682 3693 7042
1101 2230
1038 4813
145 2436
25 4014 4168
1634 2646
225 2000
921 3534 5945 9905
1741 2099 6775
852 3041 4450
1012 3922 4412
1590 1840 5457 5512
26 1808
1490
486 6465
980 2437 2606 6410
1595 1944 2873 5880 6401
1203 4275 5183 8130
1802 8988 9053
44 3861
1081
1503 2215 3533
1349 5543 8937
293 3320
1068
594 5696
1787 3377 4800 7755
264 5096 7927
1662 6996
909 2120 2630 3542 4532 9766
613
786 8806
173
882 9270
1084 1830 4262 4476
256 1927
1085 2590
30 6782
5 2187 5260
682 4213 5928
1824
1759 2868
801 2439 3457
29 2269 9801
1153
502 2326
442
346 3255
1744
333 2152
1801 2925 3802
1135 1926 8460
1383 3007
604 5327 5409
1529 3984
326 7700
157 2210 3810 6184
799 5173
924 4487 4623 7131 9126
1779 7010 7281 8766 9086
192 4173
730 2481 3405 4378
1441
1337 2218
1714 2105 7089 9059 9661
625 6768
1168 2427 2928 2942
952
777 3595
88 3797 5799
1718 7633
727 2216 3146
144
1044 2938 4052
482 4802
446
141 7475
286 2760 4607
1550 1967 2655
762
1104
1534 3159 4294
1719 3650 7913 8349
163 1890 5862
1124 5289 5377
590
637 1901 2824
1731 2953 7749
501 5133
984 3986 5395
859 2304 2562 3712
829
1129 1925 4096 4769 5920 7200
582 6064 6135
764
1182 2778 7890
547 2065 3454
105
479 3287 5231
1435 9486
1873
835 7839
221 3352 3366
136 3671
1522
1590 2176 2533 4627
1749 3605 3683 6930 9506
550 2327 4169 4758
757 5334 5366 5469 7726
955 1914 7588
1596 3476
1876 3137 3324
904 2070 4535
1044 3906 4510
1481
832 4413
1236 2206 4842
889 6264
1084 7174
1761 3144 3967
1624 2438 3505 8823
190 2626 4010
934 3709
1640 3071 3591 6191 6478
1899 2372
956
1380 3084 3785
1161 2115 6010
605 3079 6476
379 3173
651 2048 4989
72 3489 5671
1453
1767 5655 6588 7518 9137
149 3195 3390
1882 1968 7418
1841
1825 3580 5758 7822 9296
805 5179
1616 3218
126 2209 2555
964 5963
29 2413 3228 3702 5213 8312
555 6934 8534
590 2768 4041 8515
1068 6364 7380
309 3794
1509 4807
1316
156 2047 3054 5001
1420 4581 5854
990 4365 6486
556 3023 8639
868 3311 3553
1806 3189 3714 6347 9632
1371
1415 2062
1389 2083 4605 6209
234 2470 3003
1765 3948 4192 4309
178 2373 3972 9956
1464 3363 4260
54 4625
1292 2084
1040 7133
817 2568 5239 5638 7637 8009
51 3143
368 2831 3130 5310
1415 3415
1393 3085 8167
667 2191 5350
896
583 2479 3440 4445
1037 6571 9124
700 2649 4094 5027 9636
791 3417 3919 4524 5218
1358 2529 4078 7322
1868 2341
1925
406
1233 7259
854 2299 2837
195 3540 7663
1590 3212 4661 5067 5436
1016 3008
1551 2648 8390
1748 8882 9950
1264 2331 6413 8603
1144 8451
943 2918
1730
1130 4132 4263
1484 2940 5890
734 3319 9933
665 3409 6242
883
398
679
1517 3443 7618
868 2770 4923
468
40 2999 4676 5967 7038
1563 2749 5900
1486 2064
47
1431 2035 2847 6899
1272 2708 9569
284
125 3010 6370
369
1796 5957 7976
1544 9390
1192 2284 3331
930 6270 9310
264 4498 6462
1435 3633 3772 3835 4484 8795
688 4236 7669
266 2593
1145 6382
312 4518 6615
671 3442 4240 4516 7268
1615 4410
463 3181 5268 5707 8905
458 4654 8801
979 5433 6086
635 2038 4853
184 2110 3037
468
849 2741
1089 6304
286 6256 6541 7070
504 3657 4651 7806 8244
431 3346
1067 3603
964 3593 5438 9206
147 3626
1353 7507
1197 2369
1379 4681 7448
798 6808
493 6663 8257
899 3871 4909 7673
180 2557
1768 2148 4201 6082 6887
1282 9284
1995 5305 8478
524 6595
457 4172 4698
2015 3724 4472 5011
1432
959
679 4574 5048 6104
336
810 2073
786 5454
1101
1037 7226
1939 3827
1920 3819
290 3142 5113
1638
1244 3535 3886 3980 5220
1059 2093 5863 6437
624 2140
1411 2677
1720 2404 2697 7946
402
1668 2186
1405
447
1633 2812 2821
457 2435 3261
1946 7076
1649 9323
1993 3983 4343 9369
1886 3589 7185
833
496 4898
97
227 2765
1902 4028 5127
1255
161 2674
2043 2872 5321
1140 3643 3965
782 4666 9319
1526 3578 9366
1033 3369 6760
841
1419 4101 4209 4536
894 3866 4939
335 3234 5393
1346 2605
1947 2450
1953 2236 2506 5646 8276
1259 9013
1107 2109
290
300
486 3771 7437
347 7140 7932
1051 3833 5383 6139
235 2226
2052 7443
907
1395
720
1663
210 4137
1798 4242
227 6556 8492
225
208
446 3637 4557 5750
411 2718 7989
1854 3569
1136 7055 9388
354
40 4304
2086 6936
2016 8545
1562 2408 4812 8011
1422 2695 3877
831 6770 9520
348 9786
1917 2888 6713
1371 6122
376
785 2890
1444 2509 3615 5465 8656
1819 2222 2446 4436 5664
1093 4469
1672
671 4334 6014
1770 6193
277 3982 5347 5528
104 2457
41 3095 3873 6160
1021 7253
606
1238
1655 2289 2623 2730 4567
875 4397 5749
727 6432
990 2321 2459
327 2468 2996 4093 6460
1319 8748
1277 3193 3339
1056
307 2591 5235 8256 8840
2053
651
735
1051 2350 2458 3606 4569
1067
236 5694
311 6096 9944
758 5464
2033 4782 5801 7763 7966
17 6869
1719 2639 3899
553 3844 9100
1839 4657 5812 6594 7619
156 3062 3679 4617
918 5079
1252 2576 8023
1278 6907
536 3577 5251
1570 2911 8085
636 2246 4671
272 3034 3260
295 2389
526
1580 6047
895 5339 7696 8971
709 4615
769
1694 7090
835 3903 4844
1155
617 6714 9808
1039 2324
797 2265 4426
443 7547
955 2664
360 5418 9582
1895 8796
870
733 2604 3920
121 3152 5447
542 5311 7161
544
1655 4452 4953 5521
1460 3330
1447 6579
116 2835 9283
2057 6321 7638 8598
1828 4227 6751 6835
683
764 6262
871 2707
1960 3680
1014 3081 4249
1321 5297 5633
1602 5419
1159
1499 5641 8611 9679
406 9911
1365 5076 5511 7289
1383 7631
59 4461 8921
858 2908 3065
1618
1025 2594
510 3602
475 4775 8622
1906 7871
886 2995 3347
1176 5296
1930 3568 5964
1846 3091 8701
1186 5405
434 4208 6285 6337
1461
18
1811 5023
1861 8194
1343 8254
1853
721 3348 4890
417 2926 4679 4805
339 3191 4216
2120
897
38 3775 8369
1455 2666 9492
2092
410 2876 5164 9651
678 2518 5326
474 6138 6613
1791 5627
555 9932
1093 3128 8089
448
178
320 2611 5348 5598 8555
2084 3153
452
1399
1782 5493
1745 6653 9562
689 2885 3563 4443
738 6373
480
1414 5522
412 6828 7152
2159 8934 9848
871
885
158
1557 2262 3126 7714
957 7641 9722
644 2733 2818 3715
1169 2978 4562 4597 8922
1057
256 3846 4163
22 2485 5733
365
739 2930 3308
1468
576 2528 3945
1289 2731 3464 4142 7769
2250 2934 9580
891 8081
1033 3294
2172 2819
425
138
1041 2893 7232 8574
1833
9
471 3914 9090
1298 3305 4798
398
1491 7869
832
567 4656
30 6517
310 3445 7752
829 4358
277
1786 3134 5279
1720 2395 3334
620 7519
2002
936 3097 3502 8270
1570
1266
909
2131
1760 2815 8174 8389 9834
753 5888 9623
878 5152 8078
145 2734
1531 2836 5815 7712
136 3427 3585 8136
12 5766
1327 4012 8140
1383 6796
1971 2829
35
1050 2412 5592 9484
633
411 5628
1880
1365
892 3342 4191 6973
1756
1101 5175 9529
1497 2963 3343
565 4176 4647 6886
286
792
339 2524 2629
1040
1030 2910 5773 6266
1279
1712
1661 6801
956
486
2134 6799 8187
1106 8901 9627
906 6537 8689
2171 2878
380
1835
1897 2772
305 7254
793 3969
1186 3736
1977 5223
119
1537 5427 8278 8756
1141 2998 3784 3959
544 2993 9469
311 9730
939 3469 5298
507
1398 2415 3107 5708
397 2544 2663 4914 6319
1967 2767 4982 7472
1231 9004
1034 8180
646 2715 9874
327 6599
1019
1504 5374
1673 5807 6131 6434
706 5559 8458
2143 4473 7413 8916
1214 6400
1253 5474 7024
1729 8718
1658 2696 4414
589 4120
288 2897 4435
21
158 5510
316 9131 9558
1645 3170 3923 4050 5914 8572
484
1000 4150 6302 8006 9326
1093
1321 9590
1031 8101
238 2549
168
261 7502
2027 3749
1706
1254 3449 4593
1914
1950 4559
868
1321 4944 8546
1624 2788 3670 6236
473 2550 7548
834
233 4821 8071 9418
688 2513 2921 5129 5558
1159 3026 4297
574 6338
205 3154 7085
386 9812
584
1645 2913 5483 6849
1296 5602 5870 6640
925 2653
2161
547 9925
188
1302 8462
180
457
2282 3625
810 2808
1618 2810
1530 3485
1745 5803 7357
660
1235 3907 7560
381 2683 4308
1702
2055 4840 7520 8607
291 9589
407 2806 7410
721 3070 7736
2111 9352
9
1711 2822
589 6397
2301 2932
1932 6802 7073
1225 3382 7300
2339 8793
1681
608 5477
1200 2421 2947 6603 9200
103
292 4834 6340 6864
2418 2613 3478 4089 5453
1237 2773 4938
1612 7081 9867
559 7220
175 6831
878 6581 9918
1856 6951
477 7349
336
399 7101
1547 2452
309 4850 5134
77 3770 9650
176
2061 5962
1793 6423
1805 9749
1910 4832 5195 8691
1832 4401 5974
744 5667 6008
301 2673 4511
628 5090 5984 6192
903 8679
302 3875
375
2120 4195
1771 3677 6549 6962
36 3664 4258 8552
123 2583 2628 3623 5168 6357 6729
2083 5144
952
2431 3926 3976 4675 9516
25 7517
1767 3060 3426 4872
1167 2842 4780 7873
1296 5087
2126
2143
2134
1211
829 6414
1556 2702 3849
206
632 9379
1535 3019
1447 9739
504 4391 6238
2135 2774
615
1948
1407 3351 5219 7613
770 3307 6494
588 3935
960 9548
489 2969 3928 3943 8768
1233
1381 4264
927 6144 9709
1962
109 2967 5276 6339 7212
1851 5911
1643 3374 4710 7930
1235 3190
614 2979 3140 7068
2256
1411 2553 4095 8653
99
1306 4032 5640
1317 2992 5161
845 2517 3133 6451 8986
175 5585
201 4086 6202 6305 8045
582 2779 3991 9976
355 6186 7099 9495
1055
437
374
267 6079 7512
848
288
1440 2537 3385 3526
1410
148 2775
1182 5344 5561
1768 5242 7823
2084
14 5083 5580
722 2612
2119 4002 8602
1714 4845 6183 8703
1314 2515 4211
167 3248 5736 6502
2380 3539 5008
675
2511 4590
1142 4074 7156
2490 4117 9672 9967
2228
1637 4636
522 7656
821 3622 4465 5525 5740
688 4652 5227
1076 7528
2313 7179
851 4404
385 2689
132 5970
2260 3740 5642 6130
1966 8970
1290
1225 2565 7515
180
1895 5115 5718
467 2536 2902
273 5589
2534 3077 4453 5108
2501
685 3890 7379
344 3997 7264 7393 9480 9619
1707 9997
790 4822 6395
907
1729 3891
2340 2722 4319 5016 6313
1677 4047
1150 8494
1137
992 7029
2366 5295
2377 3042
366 3684
1113 3525 4409
2486 5032
900 2588 5170
1930 7009
1781 2851 4637
2032 4136
1577 3164
1388
253 3528
134 4448 4761 4945
1880 5966
103
602 3663 5456
2531 6363 7187
504 3076 4310
85
1955
149 3614 8952
1579 2575 6912 7180 9625
1058
56 5095
1262 4000 4330 6005 8054
974 2645 3691 6746
2570 4851 8923 8959
2155 4760 5842
1020 3824 5889
218 4711 9741
666 8249 9920
118
746 2758
573 5064 6443 6552 6764 7241
2449 7020
27 2586 3135 3490 4900
516 5346 7503
2584 9367
1562 5901 8332
2554 2616 4198 9375
116 3913
1826 3688 6137 6555
2139 3541 8565
868 4793 7657
2007
2203 4454 7968
161
1524 2869
1752 8543
1633 7440
531
1136
990
491 4582
1086 6092 7037 8744
2178 3096
2082
1805 4959 7047
1058 7569
1508 3947
254
1248 3613
2235
2508
2421 5534 8536
317 7141
222
2588 2720 4054 5668 7508
1632 3950 5550
1155 2853 4194 5685 6536
1096 4646 6914
979
767 2880 2971
403 4534 8733
2131 2894
1635
49 2856
1911 2956 3867 7652
1176 4030
2449
2313 3326
1819
583 6726
492 9196
1528 3812 6199
574 2936
1161 2719 3127 4954 9260
1105
1256
1391 3381 6798
2150 9246
1787 7018
337 4855 5605
1240 6366
1074 2983
1679 3389 8284
2574 3885
1795 3745 3999 6283 9314
1033 5024 8637
1975
1964
531 4916
412 6119 6732
1631 4284 5318 6803
2388 3043 3857 7729
698
1868 6470 9909
1647 4965
295 4966
469 5866 9340
1414
1261 5826 7571
985 2700
1160
2340 5555
2174 2985 3940
635 2854
2225 3821
1149
779 7534
603 5328 6999
1780 6528
1518 6656
693 7955
2441 5542
2072
564 8280
87 5207 7160
2054 3477 8688
142
413 6689
685 3780 5973
1269 5950
978 4379
2402 4366 6929
1457 3733
1478 5221
1101
792 3536 4273
39 8359
2526 2883 3430
1504 9602
414 3227 5060 5624 7513
1321 4203 8731
297
59 3483 6759 9355
2112 4280
2354
2055 7426
751
913
2661 5359 5703 6102 8383
432 4857 4969 8050
2462 3044
395 6132
1781
1271 6722
578 5491 6146 6452
2190
1996
873 3250 7672
1779
1176 4398 8429 8528
860 4846 6292
855 7951
1577
2344 2964
10 3778 9082
665 3388 4221
2104 6665
2635
2616
518 3446
2544
447 7114
513 8292
774
77
349
1008 5771 6012
727
2131
2261 2990
975 7723 8091
2252 5532 6565 9517
2293
894 8564
218 3507 5802 6785 8146
674
1186 8263 8431
619 6120
294 3252 3561 4162 9443
2018 3204 3547 5590 7189
1203 6937 9404
459 3304 6504
81 8436
57 3511 3956
1277 6473
1461 3764 4508 5225 7027
625 5804 5831 8386
1992
779 4278
992
1549 5442
768
982 2976 4254
720 5312 8893 9665
554
778
2581 2845 6966
211 4691 5380 5441 8533
1867 7107
1279 4792 9040
1030 7096
317 2879
1347 4013 8481
2069 3263 3993 6881
1212 5786
2341
1934 6328
1241 3864 4748
1989 4374
305 3017 3101 3851 6635 7062 8110
2327 3001 3755 4694 6430
2422 3090 6475
2468 6204 7088
2503 5314
1701
1711 3576 3763 4929 6315
1885 3909
2493 5329
1389 4865
1136 6717 8493
168
1179 2862 4035 5104 6353 9703
233
685 3303 4650 8474
300
941
2376
636 3147 3487
1601
1470 7399 8540
927 4750
1132 3474
1299
46
64
458 8576
666
1606 7999
1315 2881 6164
294
359 7041
631 3717 4335 4356
1233 7660
1028 2848 5618
2406 4824
839 7681
2396 2817 3676 8471
300
2397 4235
1183 5724
2060
59 7924
1542
2290
877
2808 4090 7570
2252 3271 4092 6284
2265 5000 8038
823 3197 4376
2060 3499 4828
2410
193 3503 3652 4430 9854
1876 4958
1690
317
125
883 2935
2299 4113 5399 6916
584 3765
1957 2906 6280 8287
720 4658 6324 7398
25 3108
14 6015
2185 5323
2294 3855
1971
504 4097 4531
906
1323 6062 7210
1418 4380 9648
2455 3817
1248 5353 8060
722 5903
2758
805 4239
1995 6263
2805 3601
838 5860
907
2556 4109
413 3872 9518
2618 8719
2665
465 4285 8317
2625 5958
264 4856 5415
100 4315
1755 8260
1548
1175 9926
2783 3131 4951
45
632 3841 9477
48 3340
42
900 5501
1831
2596
853 3240 5308
36 4888 6715
2073 5466
1806 7872
934 4602
1254 4025 5959 6531 9006
2227 4174
714 3425 5498 6487 7670
2324 4122 4184
2763 3412 6981 8708
2621 4133 6740 9803
2800 5502 7016
1487
2689 4261
299 3264
2241
988
851 6650
2115 4029 4073
1515 3552
2118 4579
1289 3283
1512 4505
2268
2623 4622 5937
1767 3669 3777
693 4119 4539 6219
2356 3391 4247
512 6852
387 4942 8319
465 7400
69 7530
2534
832
92
827 6442
2831 3161
1767 3136 6472 8094
2201
1631 3958 6987
2315 3280
2158 3753 3804 4620
929
2386 5821
1242 7964
1761 4084
1138
1531 3781 5046
1979 8662
1191
1442 7617 9617
2380 8784
1274 4316 5738
695
131 4354 6923
1840 4827
2220 4977
1572 3383
1856
775 6039
2258 6559 8568
683 4632 5071 5335
2412
636
2262 3231 6827
2828 3887 7171
2634 3314 8746
642
1863 4038 8197
1558
1982 3028 8525 8655 8968
1245 5675 5859 9747
1856
946 6359
698
157 8153
869 4587 6834
2418 3203 4222 4952 6681
219 4325 8591
1022 7121 8282
1126 4901
104 5147
321 6101
1877
1076
493
2626 4883 8457
1192 5423 7098
38 8207 9913
1556
520 4375 4385 4509 4946 5644
301
221 4907 5068
2309 5189 6525
2715 5630 9075
299 9152
1760 6029
2480 7462
99
2475 3735
660
2621 7119
1152
618 9668
8 4434
1604
2754 3186 8358
396 6392
2253 5795
2484
1025
1585 6748 7457
1745 3270
2643 5798 5818
959 3302 4031 7622
2664 3598
1504 4512
454 3521 5081
753
345
2731
668 3298
2489 4871 6334
2335
220 7972
2207 5313
2135
169
2334
1991 4830
1306
2772
519
1948 7892 8400
95
160
1201
1842 3455
1974 3074 5915
1070 7000 9447
1998
1340 3018 9824
552 8532
161 4437
795 4568 5178
1032 4685
997 6943
2771 3726
3011 3806
2465 3322 5212
345 3608
1298 3706
1615 7621
1942
68 3951 7466
994 3400 3517 9007
2381
632
2940
45 6735
1273 7065
441
223
309 3378
2160 9744
1646 5124
1666 3119 4618
2016 3300
445 3472 6563
94
623 6355
1799 5918 9830
2550 3048 8685
2653 3141
2702 9690
1461 4725
166
1472 3243 8456 9015
3042 4908
400 4287
1750
1266
1430 3501 9813
850 4441
1939 8036
1594 3157 6038
637 3110 5121 6718 9818
1328
1607
268 3129 3165 9428
2454 4584
648
2153
460
575 3868 6795
2201 3946 9681
662 4135
1046 6307
1143 4935 9064
1051 3461 8547
2407
1913 4067 4612 4778 9524
331 3583
1463
3008 3104
977 5138
2566 3665 4251 5788
2536 5204 6403 8273
889 6853
1918 3470 5143
912 5524 5909
2192 7415
1037 4964 8271 9058
499
1916 4289
1959
1696 5954 6882
390 3932 3955 5275
461
1696 3438 8523
2773 7828 9853
2210 4171
835
1768
1209 8236
2127 3889
2604
2285 4975 7704 8290
863 3145 3350 3912 5844
1360
125 5809
2771
632 7484 7995
407 6630
3074 4300
793 8769
472 4045
2339 5728
2833 4522
929 3832 7690
3056 9078
1515 5481 6512 8004 9144
1344 3175 3484 8227
479 5125
707 4371 5475 9660
1048 3588
1622 3372
771 3480 5077 5089
183 4341 6200
3036
1392 3731
1155 4501 5057 6244
653 6237
1704
1019 9886
1581
2250 5250
2635 7771
2232 9185
3059 3431 3628
1957
2862 4446 4714
826 4115
2490
2281 7594
2584 3360 3604
2907 4149 4548
1901
1111 4794 9102
332 3459
2484
3043 3337
2049 4044
1956
1909 4362
3098
1861 7204
2789
1126
1724 3151
1513
3149 3995 4732 5657
2179 7991
2236 6702
2383 8553
314 3437 4527 5444
759 3531 4641
3055
1255
1871 3624 7794 9468
170
2906 4478 8763
1047 4066 9292
219 4125
2558
3059 6655 8350
423 5460
114 7963 7967
694 4040
170
2360
1788 7390
1550 3741
1919 6043
709 4804
3112 8898
522 3782 8963
1678 3760 3830 9177
4 7270
1355
98 3295 3497
2012 4972
546 6040 6066
1490
803
482 3411
2976
1457
1479 7404
1944 3558 3739
2483 3482
2221 3654
1133
2137 3327
502 4707
1924
117
2820 4250 5114
147 3592
867 6167
1028 4061 4199 5169 6380 7079
1564 3418 3744 4056
281 4960
2947
2741
924
1090 6514 6569
662
1058 8220
574 3799
174 9009
980 5351
1973
1505 6467
1067 3898
200
4 3944 9164
1317 3640 4864
1929 7745
501 3317 3939
452
1001
457 8817
990 9881
629
1738 5264
824
2691 7120 9370
1932 4143
997
1071 3632
2934 5396
299 4301
1009 9833
2081
217 3335 3396 7996
62
343 4948 6016 8990
1361 6491
774
2870 4931 6169
1051 3518 3789 7275
721 7147 7789
3047 8680
639
1612 6213 8250 9403
1608
152 6838 7497
2512 4589 5146
1410 6477
2709 4930 7290 9218
1523 4402 4759 4829 6878
2740 7377
1023
211
1837
160 3479
597 6985
43
183 4042
2160 7934
2061 6657
1738 6287 7383
2765
2884
395 3860
1690 3901 5617
785
700
1452 8185
2982 7314
2818 3530 5492
315
777 3971
913 3704
389
488
1109 7509
147 6586
662 6446 6508
2910
268 4573
1002 4039
2891
265
814 3666
575
1888
878 3554 4336 4683
1231 3681 9831
1108
1248 5243 5940
363 7321 8672
1669
2264 9042
3180
918
1412
2991
291
3037
1766 7122
2984 8787
2785
2743 8651 8709
2272
1598
2472 4667 4889 8275
2258 9655
270 4418 5897 8410
228 7537
1943 5490 7766
1309 3422 8659
1589
2936 3754 4719 5345 9011
1316 3353 3651
453 6106
3219 3617 4926 7849
1732 6083 7908
1983 3698
1813 4642 6743
386 4903
3019 7983
720
1901 4611 6583
162
2629 3420
3193 5935
195 7782
376 4393
2183
2002
1606 3433 3532
1662
2282
3235 9207
477
3141 4575 7758 8519
1250 6384
2137
2865 3854 6693 7539
1341
2306
2309
542 4491
503 8972
2022
2207 5648
2219
920 3900 4547 6228
3098 6240
2471 4831 5980
1892 4024 7693 8308
3315 3579 7054
913
393 3878
1212 3894 8586
1442 5391
768 3367 4333 6905
206
3135 5892 6349
217 5643
1137 3929 8808 8812
1951
1787 4167 6493
1356 9393 9772
1892 6085 8948
3358 4175 8821
979
2077 3402 3766
1047 3779 6127
765 3514 5797
3116 3543
467 3562 3635 4629
2482 3977 9879
593
928
1816 3590 4160
3033 6026
10
782 5631 5846 6866 8665
2638 8508
2414 4770
2927
710 5035
2501 4271
1178 4144
1653 7606
2717 4077
2644
1924 4152 4886 7993
2897 3550 7546
455 7687 9466
398 3883
614
1002
3235 8414
1028 4867 6790 8331
1127
933 5817
3025
1141
3369
1162
1758
1851 4604 5370
49 3786 8225
164 8715
871
1984 8848
347 9335
3185
2879
139 9618
1082 3546
1958 8624
1585 4985
1965
3201
1276 4170
3326 3941
72
3312
1694 4427 5352 5572
254
2877 4327
2454
2295
1762 8128
927
2689
3129 4360
16 3662
3332 8251
484
1740
356
3155 6956
3089 4230 6013
169
1962 4129 4718
974 3828 8168
2010 8544
1988 4226
698 8861
2278 4293
2721 3791 7306 8000
1372
30
2371
408 6911
1424
1277 5960
1461 4727 4774
1886 4303 4387
3007
1515 8996 9031
1832 6105 6314
1091 6188 7345
3139
1384 6675
3069 4071 5360
775
1566 4357 6679
2261 7586
1050 4006
1253
1066
555
2337 5303 9954
3079 3506
734 5019
3038 4058 7576
1410
2793
626 3537 4998 5402 8055 8150
1900
2677
2421 3658 7100
3256 6524
3117 5240
1129
3190 4497 8016
2694 3834 5006 5872
3112
2398 7238
1094 3738 4823 5682 7801
2789 4961 8560
1510 5767
1921
2584 4237
1008 5258 7596
412 9463
574
396
889 4384 4565
853 5363 6781
3180
1631
2821 3796 7207
490
3052 3729
2285 5448 6222
2823
1091
1910
3470 6540 6557 7086
2736 5727
711 5082 9381
1528 8259
388 6303
2745 8773
918
1783 3893 5372
3371
684 5791
1460 5489
3025
3241
1682 6225
1152 9837
2987 4634
1426
1478
123 4466
2552 5725
2501
1271
2560 5698
1358 3933 6255
3271
3156
3332
1811 9718
1797 4008 5141
2051
2687
3475
1046
2513
1972 5939 8828
2591
1819 5266 6412
3372
204
1738
3414
2741 3575 6024
1781 4963 5157 9173
423 5478
3391 4112
417 8846 9706
2889 5814 6972
1943 3858
3288
326
135
1465 4138
3189 4976 5723
181 8243
280 4182 5594
2740 3876 5934
3373
2241 3792 7691 7875
1059
229
1045 4148 5992
1728 3600 5541 9735
2209
2105
39 4645
1496 8119
546 5422
398
167 7796 8638
3547
2777 4321 6723
2157 4482 7553
2076
3353 9150
1927 5062
1581
1766
3072
1374 7272
2295 3825 7562
1433 8239
1546 7353
3115 4140 7012 8268 9211
2065 7245
3377 6166 6286
1913 7025
3198
2024 6148
488 3644 3783
1858 5357
5 9030 9295
1246
2985 5257 6488
825
3567 3656
2848 3862
2204
2023 5956 8580 9631
3135 4296 6680
1896 9050
2143 8619
110
3020 6230
1057 4806
70 9707
990 7347
477 5564 8226 9022
2610
2569 4560
2119
1542 6779 6843
3317 3719 7251 9377
726 3905 4781 7461
901 3696 7899
1344
1776 4995
2521 5451
2449
3159
2395
2025 3881 4130
1284 4134
3129 3968 6394
1073
612
1636 6094
3230 9490
2005 3727
149 5401 5540 6118 9922
3373 6178
513
2103 7109
340 6618
16 7689
3217
1758 3917
408 8531
2074 7831
3594 3713 4653
572 4912 6816 7053
650
752 9598
242 4347
336
1872 4265 5658 5739 5948 6573
3315
2823
1061 4986 8418 8424
3191
311 9588 9850
3600 4370 4791
2021 4238
3478 6454
1216
1688 7948
1109
3432
2564 6703
2448
3076 4513 5569
3285 4474
1492 9485
1748 4950 5546
2895
2376 3874
1893 6098
2 8521
1153
203
1781
2808
2447
223
2153 4017 4299 5017
2191
3289 3970
79
1896
2551
548 4973
990
1317 4920
2590
1658 6179
948
2574 4383
981 5211
1790
622
1588
3619
828 6585
3319 7917 9501
598 5625
1116 4049
416 5504
1932 4741
274
3274 5056
554
3021 3869
572 5387
1070 4603 6045 6631 8809
1912 4616
1373
1640 5112 5142
1880 6210
3644 8017
1944 4033
2252 4158
709
2803
1206
3617 7665 7791 7816 8412
1292
1619 5435
1529
318
2038 6391
1340 3803 5670 5734 7385
3017 7674
3633 3942
1308 4820 5086
3501 3964
1282 4723
3120 5853 7582
714 3963 4854 6232 8212
2684
1082 3870
2969 3788 6110
2330 5390
595
3486 4282 4624 7943 9269
3189 5158
2528 4389 5468
3172
524
929 6662
3201 4456 4577
2646 4673
32 7372 9780
1679
232 5720
2369 5407
850 4863
1547 4771 5942
128
2911 4467
3314
2772 6947
18
1453 4225
778
1365
3177 3815 5389 8837
693 5379 6727 8914
1445
2777
2747 9081
2830 9959
3369 7706
171 6774 7614 8910
1500 3776
775 3962 6607
2433
2089 3908 4107 5972 9041
2005
1742 5467 7359
904 4069 4686
2224
3768
2895
2716 8735 9109
3370 5829
2680 6471
2917 5787
3176
3594 5030
2334
1916 5891
3406 6926
80 9785
3735 8202
3241 4026
157 4106 4337 6685
3446
3563
468
1936 6564 6883 9438
786 6050 7655
3499
1859 4696 7202
1073 6741
3209
1737 7412 8433
175 5765
1840
3725 5004
2911 3816
305 4248 6575
3018 4234
590
967 5480 8855
297 4712 6868 8106
1846 4009
1736 5280 9750
2633
209 4305 8047 9498
1495 4678
3760
3804 6346
2842
848 3973
2048 4018 5434
1710
2666
1143
1437
2577 5216 5904
3585 8614 8781 9953
561 8895
2047 4818
3441 5473
647 5582 6763
3177
625
3109
2091
3483
2005 9139
381 7337
1069 7323 8839
271
1171
1699 4752
2864 5571
461
899
2151 5639
1706 6126 9026
2255 4022
644
502 6497 6602 7408
2462
1691 7910
2771 4323
834 7104
1399 4639 7833
3340
2836 4228 4670 6720 6846
1349
2653 7799
3553 9288
1187
3265 6017
1809 3961 7067 8609 9362
3601 4004 4783
967 8518
2769
371
2080 7718
2626 8073
3064
3706 4554 4594 7709
3734 5926
2031 7048
2852 6019
2127 4232 9076
3670 5947 6362
2444
3561 4088
2112 4011 4896 6830
3355
1590
711 5038 6215 9402
3626 7382
59
3393 9534
1430
2645 7575
2051 3892 9724
2935
1414
3095 5271 6797
2538 8788
2543 4255 5330
3886 4553 6154 6970
3513
3356 5560 6976
1223
539 9122
1518
3214 4706 5037 5674 5735 6509 9732
2150
3349 4417
3266 8210
45 4348
2168
1601 5411
3618 5188 9233 9701
1903 4766 8237
2401
3771 4638 8348
2778 8860
506
990
3098
2589 3949 5397 5946
2271 5255
1328
582
3641
1007 6422
1965 5215 6058
2178 3994
511 5278 9258 9884
1800 5367 5621 6368
2360 6666
1008 5198 6277 6898
1417 4100
2452 4598
546 6574 7244
2475
3362 6483
1269 4314 4922 5857 5877 7106
1779 5148
3087
3529 6654
1538
2473
615
486 4477 5636 7744
1481 3981 8126
3219
2664 4339 7097
3420 8641
3727
2475 4034 6153
3216 8993
2260 5059 5369
3065
2608
1949 4177 6419
3913 6624
2617 7134 7634
3024
1198 4677 8173
506
690
3087
2745
709
2909 4988
2334 4619 4797 5172 6176
219 6858
3861
3769
3732 4753 5505 5997
3729 9046
2074 4563 8570
521 4407
1909 4762
3628 4124 6333
2329
3681
3273 4614 6093 7282
1950 7240
3818
224 6004 6539
542
2452 6441
3374
140
1187 5429 5770 6940
2051 4764 5613
3938 9084
2125
2064
1844 9742
1585 5273 5437
1879
1563
336 5649 8626
387
296
2493 4390 4526 6469
1589 7592
2765 8559
3920
3151
923 7331 9250
2539
152
2646 5462
2573
179
2509 4635 6982 9682
1358
3862 9344
285 5107 6942 9198
3465
241
3534
3810 6646
1911 4068 4317
3877
2297 6063 6879
2764
1794 5130
344
1279 9101
3679 5126
3819
578 5281
1223 7333 8296
1552
3846 4488 9301 9841
1546
3352 4405
2875 6408 7784
3789 6308
584
2070 9753
2888 4288 6226
2627 4692 5824 7230
2984
2488
3714 6404 8738 9899
3943 4833 6117
2783 7389 8118
770
1473
2938 5533 6949
3282
3168 6809
1934 4202 4835 6560
3259
472
3142 4116
3106
296
2545
1608 5053 6784
3700 6523
2360 4742 5029 5712
569 8033
1863 5556
765 6163 7954 8461
2616 5574 9088
743 4690 6055
3201 7427 8030
953
3472
1609
1370 7285 9888
3200 4076
1306
1476 9160
535
634 7401
3162
3071 9838
4010 4425
3774 9318
125
3461 6728
342 5058
2888
2516 5461 5497 8469 9778
124 4459
4061 7557
3388 8945
1966 4515 6113 8134
1502
745 8154
1089 6385
18
567 4703
2915 4585
1034 4156
2492 8595
50
3876
2421 5551
2817 9641
1679 5506
2818 4546 5677
2135
1964 4386 4439
2486 7216 7854
1882 4187 5601
2838 8761
78
138 7239
3925
2079 5386 5710
1775
936 9384
311 8209
1141
3790
3771 4223
258 8351
2851
621 8903
1664
3550
2829 4862
1267 6627
3132
4044 5865
2517
1361
2896
2355 5874
291 4196 4267 5620
2878 6211
916 4754
3968
3163 6862
1017 4345
1766 8506
1413
3440
3626
1186
1981
2880
3627
3066
2557 6429
2098 8958
3557 6060 7092
359
3588 9316
1313 8803
2261
3228
3386
1745 5573
376
197
3566
3136 4244
2362
212 4399
3390 4610
388 5309 6900
838 4256
881
4085
612 4663 5277
3715 7056 9065
1309 5819
3377 5163
1482 7423
2740 4879
2255 6711
697
403
1447
3364 8097
1794 8328 9452 9861
1897
3419 7325 9135
3091 4790
2037 4185
1850
2876 4197
3367
2310 7363
3948 4860 6309
938 5041 8608
988 5985
435 4369
1045 6696
3560 7811
575
2878 8131 9616
4172 4320 9209 9349
806 5187
4096 7249 7837
1689 4533 5673
1388
1119 8176
2306 6249 9146
1949 5691 7985
898
2618 6994
2446 8583
4121 4259 6461 8074
4174
2588 5731 7309 9519 9898
3200 5149
1122 5092
2033
4041 4877
2692
615
1495 4462
30
868 5375 8690
2212 5337
2079 4892 5139 8874
711 8951
2511 6406
1755 5652 6393 7248 8466
1829
757 4507 8053
948 6322 9710
2221 7538
992 4880
1326 9620
730
156
2717 7229 7734
2947
4107
1447 4276 5476 6320
3757 8529
3443 4713
2187
3855
265 9317
3438 7429 8049
1406 7203
3873
820
3806
2810 6448
2006 9163
3490
3657
2846
2010 7855
1316
2099 6360
1617 9304
4149
373
561
2897 4428 4606 7788
3805 4925
2192 9067
3197
3076 5365
310 9247
1071
2754
3891 7267
4154
1066
2448 5020
4196
1951 4904
2883 6670
1824
1981
2477
3650
1779 7487
4121 4884
1525 4494 4600
530
15 7058
3385 5999
1307
2687 4941
774 5428 8218
1807 7566 9510
4224 7611
398
2750
1598
2695
374 5128 6145
3738 7919
1451
2652
2855 4572
632 9179
3049 5672 8376
4029 5099 8931
3084 5830
1260 4295
187 5185
623
3445 7915 8695
1871 6091
4290 5484 5566
3604 4322
2381
170 8894
3679 5663 5855 6791
3104 5201
3232 4483
208
3454 5689
2108 8804
3813
1271
225 5836 8341
2402 6854
1949
2566
577
1122 6616
1202 6074
3930 4520 7015 7124 7222
2858 6644
2922
4010 4993
227 4449 9733
2544 7836
4185
3576 7965
4296 6877
3851
1301 5714 8973
2948 7003
116
3425 6495
1417 5118
479
2573 8790
1306 8112 8303
441
3358 7793
2123 4530
2803 9797
3288 9949
3790 9205
919
3940 5705 8549
1347 9721
3118
1767 4682
2064
811 9942
4126
927 6501 8652 9683
3648 5284
3902 6002
36
731 7178
840 4419 4592 4596
670 4957 5190 5398
711 6954
2924 4506
1111 8646
2803
3463 6348
2279 7315
629
3431 5131 6136
1434 6837
3144 5479
514 4502
926
1941
2683
877 7992 8538
1270 9892
4180 9566
3656 4595 6331 7923
3114 5293
1197 9120
961
2770 8123
2960 4949
2820 5931 6054
1614
1851 5272
2682
2841 6440
694 5043 6041
1651 8018
3691
3495 7320
2960 7327
4094 5103
3454 4514
515
3740
3991 8870
2467
1052 5761
3329 6805 7922 8104
815 4801 8896
1020
1609
2132 4479
2711 8862
4151
733
2439
3251 9802
365 7310 9432
2525 7941
4024
1458 5851
3966 4433 5867
18
2552
2011
621 5722
1800
1905 8728
2354
1531 6165
306
3900 5049 6288
3309 8666
4351 6667
1749 7743
1719
271 8409
582 6622
309 6431
4068
2172 7532
3423
4247 4897
1000
2823
1571 4541 6744
1486 9832
4407 4940 6639
2974 5025
2356
2120 8147 9796
3013
274 6737
4094 6459
1236
3053
940 9676
2241 5611 7848
1108 4728
1962
3131
1739
2561
4318
1799
535
2182 4927 7463
2536 7545
2594
965 5455 9951
3744 5237
235
496
4075
1284 4803
2200
4205
957 9794
1019
2521 5588 7981
3524 9166
3753
874
2121 5002 5238
294
349 7886
2038 6871
2350 4987 7460 8843
3666 7381
890 8475
1824 9974
3937 4674
3161 7473
4397 9692
670
1687 5827 7741 7802
3577 6201
4301
2005
371
443 8938 9216
1848
4022
1011 7818
363 7326
3344 9161
693 6168
1216
4268 8178
1615
1315
3482 5355
2004 6276
1380
555
3121 4910
4363 7126
1212 6813
94
2892 7247
4354 7031
4214 4697
2747
2960 5604
1903 6503
2441 7870
2986
3665 4644
4387 7479 7499 7522
4078
2010
490
2009 4722 8059
1442 8115
4314
1272 9354
3108
1544 5513
1965 5358
980
3991
3155 7708
1084 6330 8866
986
4334
2838 5578 9893
1819
4188 4672 6734
2622 5307
1902 7612 7630
2079 6335
837 6769 6975
1759
2896 6533
135 7225 7735
4431
1293 4688 9489
858 7419 9846
901 7022 7610
1102
4092 4558
3349
3136 7664
1263 5680 7865 9389
398 9804
1681 4992 9890
453 5371 5907 7486 7682
3892
3869 6567
68
159
2103
4546
2373 6614 6825 7298
3614 5645
1578
2253
3965
948 5317 8582
3495 6578 8099
360
2131
3014 4773
2143
1708
1161
4285
3281
2041
3337 8378
1638 7336 9576
3744
620
2890
63
1940
2602
528 7680
3060 5074
4084 7591
1018
2946 6081 6133 8629
882
3248
2515
1174 8201
4351
2371 6534 6855
3869
4370 9133
4351 4928 8699
2253
3926 6301
1206 7435 8498
4268
155
2874
3708
3405 8037
1947
4247
1867 4881
1199 4733
1045
4152 6189
3324 8373
3071
1028
3971
2165 4876
3709
2153 6832
3036
3959 4708 5998 6724
2911
1335
2894
1848
3738
1952
184 5159
1895 5385 5768
1057
3373
627 7206 7907
286 4751
2931 4841 7826 9374
394
3521 6844 7199
4002 9313
2519
2556 6032
3908 6057
3853 5553 7046 8165
1561
3156
3320
1245
4513 4838 4891
3570 8465
2619
2310
1037 5412 6468
953 5885
2785
2021 9365
2522
3644 7476
2013
75
2276
2152
2832 5753
323 8468
73 5209 7136
1973
615 8406
4157
52
1178 9433
2075
3307
802 6250
445 5100 5570
3855
2159
4533 8932
3745 6610 6812 7242
4477
2452 6919 7728
1991
3952
3814
2220 6971
275
2028 4768
4342
3288
344 5695
3015 5656 6141
3774 7082
1278
4542
591
4055
2759 8241
4030 9286
645
2772
601 6745
3797 7194
4507
2037 7722 7731
1188
1063 6389
321 4852 5944
447
4083
736
1525 8501
3898
3194
4619
1473 5332
2482 5010
2578
3809 5432 9868
4226
3131
1132 5439
309
1216
3440 9460 9673
3314
516
779
4518
3730 7843
239 7577
3045 7093
689 7798 8710 9935
3453
4444
446 5732
1597 5285 8671
1356
3151 5637 6172
4608 5192
178
1786 8585 8706
580
1546 7351
747
1386 6519
875
3702
4050 9350
95
398 5301 9528
1112 6554
737
1535 7827
2769
1496 9677
2792
4631
3840
3963
4123 5833
590
1710 7260 8648 9214
85
1897
3251
2576
2561 6310
3967 9413
10 9731
3980 5290
1743 6993
3906
1131 5440
4681
1882
3382 7071
3751
381
4568 8517
3453
2205 6214
401
712 6273 9819
3071
234 5261
2455 9628
3618 6466 7529
2148
3862 5097 7705
641
395 9630
487
407
551
1788
4171
3656 6815
2761
2592 7007
3138
1677
1172
3959 7895
2272
1215 8447
1816
4394
1864
4460
3174
2220
3609 5530 7857
1937 5606 9141
343 6075
595
238 9705
1272 5626
2111 8392
1792
479
1204
410
1310 5834
3827
605
3728
2379 6072
2541 8021
3486
2806 8143 8670
994 9130
1387 5229
2925
2821 5811
3251 6668 7233
2999
3351 5699
2438
4034
2420
4041 9279
651 9987
1440
4644
95
2404
4632
1906 7483 7544 8340
1000 5777
2168
2510
2712 8145
1153
60 8820
789
2432 7894
2575
4701 9923
2015
3732
2641
2857
2701 6463
1466
1728 5340 7770
4177
336 5693
4113
3750
3217 5022
2780 6253
803
3397
1105
87
1486
2992 5421 5507 8747 9430
2454 6867
147 4979 6749
810 9275
1040 7151
4615 6822
4202
561 7971
4162
4217 7911 8019
4607
641 5608
2956 8024
4267 4962 8320
591
3390
832 5080
2871 5527
3307 8082
2219
4644 7552 9136
4209
146
1199
1492
3877 4899
4428
2067 8190
4896
2584
2950 9755
686
3321
4260
1115 5217
433 5299 9611
2962
3048 5660
2031
4501 5408
409
3645
278 9069
2340
1470 5012 7514 8262
2650
1786
1664
249
3687 7420 9181
1470
3930 7050
1989
483 9981
4248
3317 6617 8382
4452 7043
4596 6778
2777 6597 7589
3250 5364 6922 9900
3240 8949
1235
226 9434
1514 9579
3068 8283
1557
1624
2422 6543
2080 8399 9608
4433
4273 5910 7059 7138 7367
2899 8472
1579
2375 6000 8668
2561
2960 6863
989
3237 5614
4375
3668
2862 5228 5253
2947 5316
2182
2635 5431
1317
1098 7778
4352
2824 8042
2606
3202
3487
4884 5603 7035
3548 7713
3082
2656 8884
2657
1267 6643
552 5882
2701 5443 8503
671 6218
1770
3181
3685
50
3097 5472
3558 7364 7810 8408 8605
2926 7166
482
4873
1367
1240 8714
2341
572 5806
13
3416
3653
4473 5135 5879
3958 7756
1920
1593 5246 7500
1222 8911
4551 5906
4317 5965 6367
246
3621 7409
1235
521
3475
292
2819
1939
4469
787 6664 7605 9442
3803 5779 5845
997 6326
3483
1300 6648 7829
2513 9368
514 6427 6807
4710
2038 5459 5706
4915 8700
654
470
1686
2544 5741 5923
3679 8455
1678
3471
4258 6035
561 9980
4864 7748 7979
2215
2647
4434 7467
240 9928
1964 6231
434
4050
3783
953 7006 8750
2553 5600 6011
585 5045
1004 7858
3384
54
3898 5919
3880 9491
207 5085 5249 5343
733
4178 7677
127 6733
4381
1287
5033
2917 5743
1237 9726
2041 9003
4417
842 5070 7218
403
1753
4048 5176 5665
732
519
3704
3121
4072 5615
3945
2691 5269 5669
1747
3580 8702 9640
67
2582
1193
409 8615
1973
2962
163
5050
2931 5106 6258 6418 9670
147
944 5764 6455 6935
4584 7821
193
2198 6550 7190 8983
3117
1356 6044 8485
2154
4887 6530
2987 7284
3508
2507 7172
1544 5200 7609
5039 5292 5805 9222
3728 8631
2456
973
3117
2442
1710
4200
1720
929 5165
2572
1817
4783
78 6481
4288
4669 7343
1668
19
4386 6109
2783
339 6659
5071 5160
4005
2536 7470
886
385 5584 8205
1480
3711 7599
2049 7157 8361 9961
3197 5224 5494
2533
1544
959 5471 8179 8920
4328
329 8751
1195 5518
3056
44 8357 8786 9049
946
3035
3113
4017
2070 7938
4281
2380 7387
4014 8311
4360 9105
891
1878
2432 7607 9871
4987
263 7902 8005
1138
3075 5700
4209 5336 9399
211 5927 9421
3534
3711
3079
2450
280
3248
2951 6108
3931 8291
4199
645
1059 6216
2292
1146 5230
278 5210
1128 6342
414
3548
3739 5754 7852
4626
5106
2489
959
4160
2227 5893 6634 7446
5094 7301
73 8892
945 9029
2449
3200
2554 7787
1033
3959
1847
1285 5265 8530
2308
5053
230
3014 7329
1928
1114
343 7184
226 6282
1807 7313
1606 5792
4291 7454
694 6762
4186 8401
3905
2963 7414
4352 5772 6673
279 5647 8888
4733
610
117 6426
2438
404
1213 6181 6661 8802
3924
133
5084
4300
1451
1789 8496
3077 7651
1296 9782
652 6025
2676 5509
428 9016
4660
5154 6889
3692
3019
1932
1731 9108 9111
3919 5244 7468
3824
4905
1965 7685
2471
2051 5579 7746
2685 8727
300
2331 5349 9188
5114 6157 6221
2747 7527
466
2522
4951
4826 7730
5153
1888 7905
1424 9667 9994
1247 5989
1468
2139
859 7711 8026
4456
4469
1955 9457
3480 7445
798
2505
3291 7373
5215
667
4990 6447 8223 8345
807
68 9462
5039 5776 5778
3126
2157
1439 7004
4951 5531
1519
3914 7935
483
3598
3491
1650
1828
4779
999
1441 8771
3225 8329
5174
3542 8398
808
2012
5060
1068 6386 6780
3889 9740
4378 7013 7721
3985 6620
52 6268
3087 5622 9220
2480 5612
4157
3921
2281 5508 5595
3811
4019
674
943
4347
4730
598
735
1517
1874 9091
4764
794 8007
5085
4371
1373
2549
2208 8479
2193
2337 6229 8116
4906 7125 9511
918
4744
785 8561
3469
447
2035 5953
960
4534
2870 8929
4153
1957 6080
2180 9032
2755 6671
2995 5404 5716
2775
836 7112
4952 5356 6980
4564 6372
2652
1520
269
2073
917 7926
2835 6570
1457 5517
1636 5936
2228 6692
1843
2669 6036
2779
3891 6212
1661
4709
924 8831 9763
1898
2931
5139 6847
4208
1752 6580
2164
4859 8473 9917
1706
971 7117
5039 6374
2504
3314
2585 6562 8193
2125
2235 6156
5223
1960 5916 7807
3211
3423
2843 9351
1649
4497
5316
3595 8663
4524
2700
3461
1149
1352 7554
3496
4930
4251 6991 8885
1898 5790
3922
1479
3945
3405 6378
4552
3513 9333
1362
2347
4207
608
1874 8798
968 5424 5839
3761
2759
517
1651
2091
1467 5856
4627 8079
4101
3707 9118
799 5781
3760 7256
3736
3357
244
2081
712
1879 6254
3231 6097 6402 8757
3913 9963
4352 7765
2829 6121
1782
3634 6965
3475 7597
1198
5313 5813 6297
2211 5871 8430
288
3749
4910 6351
1843
133
3904
4648 5775
1523
1173
2857
55 7628
955
2175
2194
1757 8483 9633
4871
3572 7375
2957
5378 6147
456
590 8269
2333
4274
3979 6489 7987
1534 6259
4954
4712 7271
2014 8196
3819
3721
1973 8093
3985 6997
2024 5610
4715
4767
2759
2752
4969
3155
1313
643
2179 7620
3502 9305
1035
441 6207 7860
3622 9828
1515
2421
2044 6609
4455
2564
1801
949
5011
3166 7635
4074
3999 7590 7925 8554
342 7490 7783 8204
2147
2119
2872
3773
3740
1898 9864
2
5117 8056
4975
3828
2352
3114 6538
4224
2417 9728
3549
4362
3808
3111
138 6223 7459
2386
4295
86
1082 5975 7820
1300
1566 6128 8360
3516
3311
2706
3271 9092
2239
5114 7234 8813
1732 6833
431 6196 7317 8632
4074 9148
2877
1445
1385
2867
2881
313
3701 7352
3963
4091
4871
5279 7489 9345
5207 8514
2358
2198
1801
4523 8684
1237
1181
1735 7143 9195
5324
5120 6278 9219
1444
604 7169
2182
2244
10
3080 5852
2521 5544 9904
64
4888 5575 5794 7142 9298
2125
1358
4806 6294
5253 7293
2733 9678
4038
2613
258
1554 7312 7675
1739 5858 9907
376 9230
1281 9522
3634 7034
3567
2673
1812
5525 5822
1454
3668 7772
98
1024 8336
688
2617 7760
4089 8200
1666
4639 6001
488
2663 7130
4052
695
2380
2349 8933
3894
2504
1134
240 7425
3612
1252
4295
1545 9998
514
3665
4669
3841
3423
4145
4054
5527 8452
363 9557
500
4531
5220
2507
1009
3829 7715
1688
5110
2491 6605 7386 7978 9800
406 7447
213
4465
2535
2741 9526
1104
2301 6076 7595
316
3560 6409 8170
5279
111
198
2235 9171
1535
5032 7277
4096
2387 7563
4962 7108 8402 9784
4509 8994 9012
2641
4807 6629 7897
329
4882 7433 9663
438
5438
4443
5276
3980 5759
4948 6112
5058
1206 7667
3266
2805
703
4121
3922 6421
5275
580
2691 6950 9860
3699
4811
2230
2303 6636
360
2964
3380
1152
2193 7604
570 9539
1532 9481
3937
4732
1955 6318
3844 9600
2488
2196
2528 9142
3361
2960 5949
4560
2084 6944 8824
5191
3347 7506
3988 6274
825
1324 7498
4212 8883
1250 7496 8627
1416
1923
4685 9244
3151 8058
3650 6884
363 8031
4908 6031
967
451
4299 7195
2120 7102
5053 8442 8539
388 9276
2440 9559
2616
5060 9147
3725 7759
1921
4287
4188
3898
2941
156 8497
4092 8587
1534
740
4549 7762
1257
3486
149 7883
1328 8315
2618 6915 9883
242 8080
1648
1487 6261
4303 7939
365
4192
679 6498
4861
2145
4684
1815
1267 6317
3528 6376 8717 8928
4831 9565
5138
1776 9555
480 6984 8571 9423
2700 6625 6684
1094
4339 7105
5011
2012
2339 9509
1788 9996
4101
414
4050
883 9405
4324 7434
697
5313 8599 9044
962
2533 9659
1435 9125
3748
1561
4411
3558
2811
3525
1181 8252
3507
3107 6042
33
1381 7334
4198
4729
2256 9989
3725 8975
3898
2512
1768 8777
2922 5981 9038
3650 5995
2521 7998
5016
1469 8881
5046
1353
1117 7549
1414
104
608
2132
2103
1345
768
4658
5158
918
1066
38
1927
5613
1363 9056 9771 9849
4392 7228
144 7193 9573
411
5073
3801 5849
2296 9478
3488
4627
718
3979 5986
2728 8388
5190
2315
431
5412
5249
4843
5249 6510
5004
506
5388 6647
121
1712
960
1604
2766 6265
3781
3076 7753
283 8997
5366 8419
3515 9175
5184 9378
20
5527
2978
1520
3371
2983 7036
1859
1735
2148
2736 9505
2399
2748
5085 7521
4983 7438
2348
1452 7478
3100 7019
797 8403
4828 7551
2152 6709 7361 9544
5404
3552 9093
2294 7149
870 7049 8512
3399
2983
4159
1374
2913
5544
886
4030 6239
36 8175 8850
2660
4481 7608
1493
3779
4289 8489
2748
1092 9471
4754
4817
234 7572
4307
363 7444
1005
5378
1522
1105 7644 8057
2576 6584
775
3098
5004
3380 7751
1240
114
5765
695 6325 8020
4406
5524
3731
1940 7255
4299 7069
5384 9373
3930
5537 5977 9280
2941 7779
2849
261
1873 9607
2052
1273
4116 6388
2658
4407 7388
226 6507
1441
2387
5405
3483
704 7465
4120 9383
1133 6424
596 8188
3930
409 7949
4987
1806
1045
4968
597
496 8010 8182
4649
1162 6371
650 7936
2291 5968
2577
1982
3785
3360
5164
1147 6071
1246 6551 6924 9353
1118 9264
3309
1111
1286 5993 6018
1992 6642
2587
1565 9143
2844 6558 6577
3824
1623 7510
4992 6088
4552
1380 6896
3080
4941
2481
1513 9371
1353
2360 6794 7308 8890
3008
5350
356 7997 8847
3041 5951 8077
5037
1882
273 6842 9202
1711
5016
6
477
3870
5140 9887
1829
1221 7636 9587
237
4376 6957
1580
1271 9157
3561
3327
5325
2894
778 8467
3540
3291
1650
3751
1602 6205
4701
1797
3913 5988 7671
3874
3650
5644
2681
5918 6876
399 6194 8384
5305
3086
783
3603
2000
2856
2875 8261
3452
44 8435
2435
1931
2209 8325 9691
4993 7602
2562 7335
1991 8878
5888
698
2527 7904
1382 8149
3771 8592
2680 6710
2439
5486
624 6187 6817
5858
1301
428 8682
3351
5738
966 8288
1039 9249
2442 6960 7738
4179 6694 8076
5770
1235 9238
5946
5233 7488
1484
547
3566 7274
5899
2
5739
787
3963
4619 9272
4271
4944 8486
5553
4348
1563 6134
3974
2573 8344
475
1164
2440
1034
1917 6904
5032 7733
2728
3438
2123 7023 7213 7688
2834
3237 6052 6245
3860 8877
5899 8740
3872
1384 9877
699
1757
480 8297
3547
5206 7764
3378
1072 6845
104
2966
730
5660 8393
4637 7269 9757
1458 9882
51 9174
5020 6078 6124
5328 8742
461
3055
2929 7960
3182
4381
5728
3173 7977
5078
3708 8966
41
2163
450
724 7542
3795
915
6016
1617 7898
4376 7110
4055 8127 9429
650
4638 6767
3919 6787 8208
1312
4138
608 7884
2840 6521
4012
1883
1039
3182 8739
1486
1373
298
1234
5894 6425
4821
275
4313
4808
5592
777
6035
2498 8704
5310
4587
2033 6695
3318 9584
729 7974
3366 8289
2014 6811 7246
159
5906
1112 8138
1423 9658
4294
2603
3971 6208
3631
1663 9401
2146
5396
3671 7154
638
677
2952
2700 7330
439
2041 8636
3457
3316
735
5147
5103
3735
350 6632
5614
4078
916
660 7395
1133
4034
3634 8008
2651 6958
2739 7578
5399 6123
2116 6875
6121
6035
962 9020
3845 6453
3370
5488
1020 6275
2528
2348
2703 6701 6721
4587 7707
6003 9256
1883
4360
2590
2229
2091
498
4685
441
1166 8482 9686
2478
4281
2706 9798
5424 9908
3593
300
954
1398
516
3943 8365
3892 7699
129 6198
5348
5224 7342
687
333
2127
580
212
4053
2800 7186
4415
3590
3199
4492 7258
3240 8477
1608
1785 7115
4732
403 9325
22 6433
559 9073
3959
478 8162
3635
3689 6824
618
5197 8416
456 9061
2510
1846 7694
1106 6928
2494 9184
5976
3458
4610
1787 8623
1913
2442
2124 9807
5952 7116
973
5496 6941
440 8052
6155
2633
3118
4482
2492
247
2774 6596 7215
5943
1438 8899
5450
6093
1947 7051
3712
4122
5330 6933
3245
4775
3880 6548 8907
5151
814
4970
2896
601
5224 7980
3502
5482
442 8248
3519 9204
4029
77
3349 7458
5298 7111
3608 7084 7774 9025
5027
3732 7795
112 7632 9176
543 9364 9441
89 9324
2376
3122 6300
2467
5824 8318
3350 6765 8873
1567
1984 8635
794
3121
6016
1505 6669
1210
195
4191
4668
1750 6910
1267
4865
5395
3529
2020
1415 9563
5071
5430
1745
5688 8880
2189
2847
1907
5786
2315
61
5274 6520
451 6888
2003
685
360 8620
4777 6482
5649
6129
4498
3924
5518 6490
1058 6909
2831 6608
240 7170
5182
2646 9711
2818 8859
2212
3590
3262
4417
1401
1467
1521 7561 9621
2712 7757
708
5530
276
1010
5404
316 7959
736 6788
6237 7877 8925 9201 9638
4598 7961
2362
3510
2019
2492
1691
3067 6698 9581
4026
4177 9583
4761
950 7421
25
2544 6885 9930
3457
2777 6417 9311
1469
5697
5638
2340
4224 9513
2186
4215 9227
1043
2832 9021
5850
5005
1157
2768
156 7525
4528
4370 9515
1180 6955
3968 8453
2992
4536
268
2212 6390 6836 9514
2382 8413
2480
2420
839
5155
167
58
636
3816
1944 7163
4357
3360 9901
402
5408 6637 9664
1367 7739
2783
136
3040
516
2449
918 7567
2943
4242 6906
999
3874
2565 9410
1935
871 9689
2642
4993
3922 7123 9561
183
1998
5886
5317 7358 9546
2242 6568
5343
591 7045
5698 8764
572
5370
1775
3200
837 7280
2008
1241
3338
4081 7776
5270 7077 9978
552 9815
5865
4700 7080 8395
6337
3724
2977
4212 9293
3628
2541
960 8613
2411
1141
733 7032
2351 7417 9713
1806
5396 8065
3077 8879
4033
638
4211
660
4025
5594
1805
121
3542 9232
1977
2461 6505
625 6890 9656
774
6315
5071 8432 9254
3948 8557
592
5621 7754 8448
3918 6964
2436
5875
6071 8245
5194 6708
5009
1461
4136
2772
4424
2133
6174 9914
2348
1696
1084
2052
1686
1651
4380
3976 7118
2905
2582 9635
744 6908 8987
838
3279 6861
5246
4235 7541
1252
195 6633
2490
2706
6126
3658 7792 8090
5073
1262
508
275 7236
4439 9591
2135
4196
2004
4857
1706
1804
4781
3213
4648 8075
3991
2655
3780
2907 6518
2746 8301
76 8362
2773 7891
1918
3249
1913
380
1624
5098 7698
6273 9426
3929
1274
339
1941
2877
3598 7456
5429
6278
3238 7304 7866
1310 9382
3364
2472 7727
4327 7295
944
3848 6750
5692
1465
46 9821
4346 6658 9107
2512
4510
2743
6414
747 8014
5868
3279
3898
5778
1774
3111
83
3206 8364
878
418 7192
2277
6472 7094 7531
4739
6268 7011
6062
1070 6789
4049
3479 8505 8845
2963
155
1649
2670 8743
924
5080
2875 9348
156 8834
4539
4593 8805 8913
1633
2618
2323
5475
3974
3506
2020
75 6920
4938
1577
1509
919 7291
10
6215
2447
5076
5895
2582
648 7813 7841
4745
2590 9212
2100
3506
5903
2930
4041 6792
223
5346 7339
3038 6995
3794
2733 8851 9924
1521 6804
4554
6373
3206 6590
5323 7221
1963
402
3650
3927
3805 7912
1171
5903 6683 9063
4565 9851
2184
5338
2426 6587
1482
3324 8195
5842
3697
3278 7654
6581 7615
1923
270 7223 8368
6569
1250
1016
773
2152
2036 9968
6204
4929
1193
2345
296
48 6706
3848
2418 9609
285 6873
5585
343 8044 8411
3769
6280
5454
4673
828 6660
904
2229
4559
2009
4312
4926
3638
1565
5273 9440
659
4423 7411 8111
1605 8491
3949
5703
343
4114 6880 8181
1511
5606 6688
3103
3708
6111 8569
6450 8381 8687 8897
5164
2771 6963
5628 8025
6351 8022 8548 8681
270
4433
2387 6645
1753
5900 6756
4967 7449
4315
6640
4009
5781
5007
1519
2887 7287 8857
327
160
2240 8998
3933 7294 9308
3165
2671
3261
6501
5105
6611
5197
3743
2030 6754
5003
2718 7198
3923
4419
4829
6246
4261
5312
78
5190
1294
3460
950
1088 8206
534 7864
3463 8109
3604
2947
1696
6577
5703
3790
658 7416
689
6629
2679
1106
1788
5326
3340
5985 6757 9358
6082
4181 6977
652 8760
6307 8724
1212
481
6132
3153
3663
1095
1631
6601 9380
1524
6426
5812
5973 9643
4163
1484
2115
2170
2871
1709
2781
3056 8992
12
3855
6132
2705 6786
3576 7278
4619
546 8917
2631 7703
3761 8778
4071
2449
1103
1036
2651
5042 7188
4533 7175
3029
805
4438 7369
327 8616
490
2880 8940 9940
3798
399
3320 8415
4431
4695 8841
2574 7164
86
2981
4873 8213
6497 9461
2187 8266
550
1121
6663
512 6771 7780
6642 7812 9737
6694 8464
1123
2694
2077 8186
549 7593
5186 9541
3829
2582 8589
6240
783
6057 7815
1855
4537
2113 7303
6755 9809
857 7817
991 8581
3767 7878
1798
1544 9947
1548
4928 8163
3616
5270
3496
1827 7159 7162
1262
4048 8216 8835 9729
2736
6722
6058
6299
6522
3397
4299 8046 8610
6560
368
5914
3064 6806 9612
2298 6967
3889
2638
2321
1544 6814
2318 7585 7803
2413 7396
2652
6566 7640
4393 7625
6795
5009
2029
4040 7044
1271
6086
4673
4503 7598
6800 9361
4791
3645
5976
544 7021 9386
967
59
1127
4876
1321
6179
4559 7906
1195
2934
2245
400
3877
2425 8035
4617
5495
2946 8316
2187 9113
6337
4361
3247
1382
1207
630
5921 8242
3616
4634
6027
3855 9983
5336 8327 9458
948 8043 8229 8955
2386 8658
1695
1120
2898 9931
3078 9010
4308 9094
4593
279
399
3960 9425
1308
706 7844 9066
6446
4125
4946 7450
2420
113
3380 7616
4872
3809 7661
2149
1421
4472 9817
1005 7824
6604
508 8919
6122
5951 8705
4322 9759
3251
4012
6627 7550
2765
3086 6913
3794
5658 8476 9217
6313
2310 7209 9769
2033
6269
5210
6415 9696
954
1104 7874
670
828
1332
5908 7781
1585 9376
3924 9695
1995 9047
4153
1559
18 7384
770
6010
3358 8354
6360
2156 7947
6444
6279
6251
3450 9459
2570 7832 9083
6882
2619
5685 6917 9036
2829 8459
6915
1687
4675
6542
688
4930
2924
5895
1728
3786
311
6185
2683
1896 9662 9889
37 9745
945
6212 7340 7394
1933
5073
2109
2742 8537
227
46
3979 8657
6196
4005
3016
5646
366 7477
865
3755
16 7825 9654
4038 7452 8527
5624 9327
2427 7017
1271
1717
4353
6332
3437
5931
6119
31 9476
5984
1246 8428
2447 7052
6635 7814
6422
5401
2758
6796 9814
145 9115
1475
3892 8184
4679
3552
2306
1252
4537 7809
3894 9255
6696
918 9408
167
5316 7580
2879 7786
4002
1354 7982
5702
3257
861
2909
253
71
909
5365
1129
4765
4194 7362
6563
1818
5437
1560
2669
3009
1625
532
4325
5252
1492
5031
4793 9385
409 7057
2555
1849
6520 8654 9568
3588 8601
5272
75
4314
2881
6951
2640
5809
2583
6818
4544
6014
2352
3591
1310
2747 9149
770 9180
2548
1308
4506 9700
6399 7942 9263
1320
5540
4962 10000
5798 8385
2603
1991 7205 9671
47
1760 8887
2802
1790
4927
6809 9098
6375
4639
2606
3871 7859
5816
4922 8752
6209
6962 8726
3645 7403
3353
2106
4158
7008
4270 7862
4941
1446
1741
2771
1547 7492
1345
3030
984
3861
2484 7214 8397
5855 7344 9155
2020 7292
4770 7683 8375 8822 9941
1164 9203
2413
865 9984
793
2062
6386
774
3200
6389 9444
2423
4686
1531 9597
6230
2383
3506 7842
1708 7144
2774
1854
2167
98 7601
4138
4725
6518 8235
567
2762 9840
3940 7933
2957 8953 9239
2494 7662
3478
2430
5664 9062
408
3852
5705
3930
2760
5603
3637
6054
6229 7493
5315
1691 8267
2723
6171
6194 9039
5342
6441
2971
3227
2949
3301 8776 9268
6368
4314
5299 7581
4502
706
637
275 8113
5555
1848
13
1954
3950 8594
1094
4660
148
4941
370 7148
2090 9346 9594
2614 8158
5527
5516
7087
1582
1489
3242
7139
5815
196 8087
4875
2245
666 8103
6098 7800 9189
1468
2516
5113
1506
6782 7773 9549
2676
2180 9806
6782 7543
6347
6746
1279
4977
1350
321 9186
5520
6281 9472
2935
5083
1420
1908
6734
286
608
4350
2524 7740
2570 9262
664
1464
1479
5181
2065
6164
2565
6733
2741
5076
179
6516
5762
4696
5663
122
1219 9309
6665 8621
4634
1882 9415
332
3797
4231 9503
3146
7038
4630 8991
3499
1738 8590
6886
2840
1190
2480
6014 8404 8633
7068
6204
4095 9411
238
5050
1059
2424
6570
4314 8027
6589
1142 9183
4540
2046
76
5761
4221
4030 9465
322
2268
4829
5494 8423 8550
791 7288 7851
6458 8335
943
3485 9829
4099
3972
2582
4673
1606 9248
3927 9257
3589
6086
4505 7846
4212
4187
1277
3617
642
2128 8749
2328
5854
5389
86
6168 7355
1970
4756
1088
766
997
2539
166
1282
4255 9019
2010
6032 7838
3178
5432
3584
1068
5992 7920
3241
956
5600
6723
318 8980
6381
1849
3971
586
5081
4060
338
6650 9158
7235
2198
3250 8034
6546
7070
5531 7368
6654
6495 8967
364
835
4559
1233
2414 8142
5165
1558
6770
6491
386
3446
348 8039
5914 9553
4198
4403
443
5536
5183
3270
4358
1593
5496 7526 7861 9844
261
856
4384
3292 9132
1966
3837 8356
1612
4170
4490
4385
117
5178
6102
3996
85
4020
5730
5966 8132
4576
3836 7761
1676
6562
6933
284
6157
5100
7069
3458
341
3611
1531 8526
2428
928 8946
4737
5504
3587
408
7258
501
2399
6372
3773
1634
5812
6994
4176 7603
4976
1137
573 8198
4941
7293
6737
883
436 8450
3746 8832
5243
1210
5422
144
3252
552
2538
1935
4474
3881
3262
6902
3725
5585
5129
5867
4035
3171 9653
598 9977
692
2539
6933 8692
6115
6802
118
2832
2791 9652
2900
4065
1655 8954
7053 7882
3188
422
1249
487 7937
3848
4995
2406 9613
6622 8799
3800
2350
5189 8950
3081
6686
6400
1925 7853
4543
4920 9023
6311 8310
1442
4161
476
5563
2697
4056
1387
4230
1060
791 7903
1204
5608
5714
4599 9858
281 8152
2089
5806
876
2598
767
939 7523
2093
5837
5240
5164 8285
5586
2028
6643 8061
6863
809 8886
6949 9194
1352
5185
1020
6488
2981 8814
6228
5482 8693
4473
3618 9714
2967 9437
4452 7879 9215
381
5873 8754
3024 8640
5025 9169
5215
795
5108
149
2341
4478
57
1866
4653
6945
5808 8734
4514 7929
204
1653
608
4842
3102
583
4552 8372
4266
5989
5508
5463
432
7063 7887
7111
1111
158
5653 8437
3247 8330
5651
4514 9773
4990 9902
731
2368
2585
438 8124
734
5648
2026
2616 8394
3277
5905
1774 9446
2498
2691
4915
2531 9993
967
2453
1923
2283
2404
5805 9792
4514
7442
1726
6329
7317
5225
2523
4781 9560
2901
6518
4426
1123 9467
2668 8417
1001
1198 8935
3310
4216
3340 8156
1527 9855
6448 9542
6049
7162 9970
4842
4453 8427
3391 8299
2173 8875 9337
2377
5745
6880
5811
4891
3577 8736
5362 8333
981
298
4076
425
885 7710 9885
2401
6291 9487
3585
5602
361
747
4275
6358
903
2607 8826
2817
2660 8698
5835
244 7840
1771
3885 9470
3472
4724
6120 8148
1331
6980
7125
3731
1171
1058
6801 9992
3464
1215 8313
1899
4929
5462 7648
4585 9575
3992
6761
3134
5592 8062
3491
5402 8405
6813
5112
666
7091
5965
7363
5633
5003
3387
5134
5827
5084
4544 8942
4276
4535
2471
3767 9675
6587
6866
2920
1988
2152
5447
3022
2984
46
538 7697
6805
1283
1101
5416
1654
4535 8371
2199
6233
1860
3950
5460
5929
1955
2186 8121 8842
1497
6804
2251 8737
503
1051 9071
5841
511
560
1200
7590
1013
1130
5204
2626
1313 8343
6586
3795
2520
2592 8211 9331
1189
1517
2804
6868
7099
1972
4548
3719
874
5616
1173 9342
2006
2877
5946 7918
2709
2031
3726
5536
994
5041 9723
616
204
4583
2807
4552 9172
7071
593
5218
1489
3392
6014
3639 9626
3109
3563
639
3352
6184 8930
615
2164
7624
6481
6154
1845
1309
1283
6726
3097 8487
4783
3766
6133 8596
4527 8522 9919
3869
7559
5236
2294
4963
2250
5582
446
547
3866 8374
870
488
5272
4698 8792
2732
584
155 8144
1898 9736
6494
4675
2653
5229 8304
4698
1452 7889
6011
4221
4540
2407
175
5984
6352
7179
4481
757 8274
4420
3937 7867 8647 9537
3218 7988
5220 9445
1599 9958
5022
1877
272 8041
5846 9289
2278
5788
6421
1816
4988
6292
3337
5670
5550
7337
5680
2148
6025
5398
3311 9299
415
1739 8606
2261 7969
4859
3127
5546 8238
7159 8422
6230
1512
6385
454
4956
5859 8849
6755
6896
3328 8169
5463
4025
1228 9995
6981
5170
4247
3242
628
3719 9762
6454 9543
4333 8247
3159 8366
6232 8068
3574
571
4726
3857 9717
7154
3486
4481
6801
1747
1567
2021 7953
5350 8566
467
6975
4976
4182 9190
6756
6553
6963
6767
3719
6772
4489
426
5486
5074 8490
1927
2505
6872
6948
4632
4747 8511
3090 8981
5007
428 9895
3643
6912
3853
1697
1252 9448
4319
4187
7269
1891
7573 8286 9191
6553 9760
7086
4723
6860
624
7247
984
4443
3317
186 9894
7235
5158 9856
7418 8956
4095
4240
637
4806
5034
7048
5450 8183
7317
7058
1787
6678 7940
4549 8192
6491 9112
7744
863
2274
4511
2206
2873
2455
6892 9089
3563
335
6300 9119
6774
7463
113
986
7403
5683
6061 9307
623
4471
7492
1433
7732 8864
1885
6475
3003
829
4850
4797
890
5606 8125
6053
3619
1154
1700 9312 9934
5136 8228
7431
5970
5231
6825
4630 8797
3318
1536 8441
3850 8675
4880
6575 8069
1872
69
4293 8443
944
3698
7671
4282
7274
1042
4393
4370
2813
5462
5322 8830
1817
922
7479
2482
594
2090
7097
3260
5255 8868
5887 8255
7407
5127
5689
7864
4404
7032 8876
3738
1166
1113
2055
6907
3660 8900
5878 9880
1000
2713
315
7806
4053
2672
1139
388
143
6298
6039 8191
6301
1074
3167
2914
4321
2148
3167
2594
7769
1233 9162
4878
2994
1209
6084
1524 8495
2000
6043
5585
5022
6221
4465
6983
3322
421 8083
4192 9473
1441
5429
7745
2104
413 9028
3152
4367
3390
1505 8028
3102
3235 8246 8965 9927
5917
5740
2799
3446
954
1593
303
3111
5136
2362
5291
6118
1955
5884
2111
1612
1014
6506
724
3482 9715
3713
4382
4880
5850
4822
6637
2155
4883
6636
5236
7222
7994 8438
1557
4056
5659
1138
4051
7290
6831
3054
4604
2819
7307
729
7750
4958
6848
6606
2492
6791
3813 9000
596
4230
2701
238 8650
6197
4214 8770
2573
3475
5471 9702
5841
5657 9456
4518
2843
7449 9223
7595
721
1769
6402
304
681
7795
7912
78 8324
2379
1358 8556
3867
4196
6468
5985
5918
2292
5385
5686 9224 9450
2263 9412
4889
7984 9208
1470
2158
646 8524
7150
82 9422
2232 8520
6454
2732
509 8541
5436 9910
2907
1297
1764
4167
1469
4565
1053
2365
117
7153
4393
1206 8446
3809
175
1025
6679
2771 9117
6622
4331
7129 8307
99
4519
5298
638
4035
3571
1023
7638 8234
722
4374
7504
7897
3938
6055
3428
82
1807
4184
7335
587
4078
1674 9464
2295
624
6089
1090
2297
839
7300
4824 9187
7725
4846
2736 8449
4436
7578 9341
5971
3475
886
7436
2945
4080
1377
7539 8729
855
7141 8982
914 8674
1467
42
6177
6778 9266
1407
4639
994
1959
3441
7782 9221
5594
1160
623 8231
3952
2290
5825 8420 8563
4190
1686
4494
5117
2343
6627
5884
7860 8863
6970
3269
6760 8815
2321
5876
249
4898 8904
7960 9896
7865 8961
5346
2216
6583
5433 9229 9693
2938
7366
504
5551
4591 8902
3788
628
5463
5110
6677
2958
6058 8957
4104
3901 8562
7657
3732
6749 9121
116
352 8232
6784
1154
4274
1039
3208
1629
51
5246
1250 8577 9791
3406
3612
3112
7902
6848
1594
8172
8215
1667
8121
7094
3094
3906
7772
3586
1642
4691
6842
3559
2021
6425
7996
7793 8664 9294
6224
2579
3245 8871
3433 9746
5726
24
2217
7936 9694
2139
2030 8326
18
3509
2859
5959
4915 8434 8962
2738 9475
986
315
6751 9259
7113
3588
5426
2285 8421
3082
143
3077
7742
3307
2084
329
2333
1238
2675
912
2949
4935
2644
7446
7840
2831
5982
6085
3097 8322 8694
5148
2724
457
1127 9966
234 9285
4020
6023
1748 9363
7546
679
6473 8765 9054
1415
4331 8725 8985
7730
1455
685
8113
3352
37
7421 8783
5130 8865
1932 8625
7587
546
5684
6834
2855
6239
2899
4884
471
8290
1101
8070
5964 8643
8257
6847 9859
4168
5264
7497
3397
2587
7554
264
7236 9572
5548
578 9826
1734
1271
4842
4307
1602
7653
6005
5246
395
573
3908
1872
3165
4108
908
646
6905
1440
7323
5122
2976 9847
2688
5488 8377
5113 9154
6474
162
6514
6153
7794
155 8370
6589
2224 8454 9852
8367
7630 8630
7486
4611 9891
7718 9606
7071
4287 8696
8360
4575
643
678
6633
4926
2700
5952
7036
2748
1310
5771
2290
1975
978
4812
6031
7508 9453
6389
1709
7068
5266
4939
3003 8480 9414
5187
5603
5810
7213
7597
4662
509
4976
4422
3309
6606
3719
6338
3396
6743 8686
6181
7534
3653 9488
5790
8175
8270
7773
7234
3653
59
914
7545 8588
6961
2711
5405
2738
6418
3800
8262 8730
5961
2744 9527
7496
8028
143 8677
63
7909
5665 8858
7915
406
168 9536
8105
4799
6421 9875
8146
7371
1978
5575
6333 8617
8369
5017
3047
2956
2349
6916
1841
4053
2392 9060
261
6757
4645
4212
5938
4659
4074
1541
2808
4942
5340 9945
2785
4475
6884
6169 8775
2035
5296
8400
2764
6143
5420
37 9251 9281
5078
6000
7704
229
5830
7821
6623
2100
2781
2546
7975 9499
5203
5676
4599
1664
1470
4705
1419
4969
570
6524
4127
1133
3381
624
540
7827
5816
331 9145
5509 9719
1934
1650
4773
3863
3337
8089
3672
7708
3089
8086
2940 9409
7348
6949
2711 8600 8818
4225
5174
3642 9857
3012 8683
2759
1933
1697
2613
6937
4367
5665
2791
8092
1167
2597
3442
2110
2375
3069
6637
4339
7234
200
2448
3154
5462 9193
2235 8811
8072
6419
618
3993
3487
5302
8210
8175
2735
2591
7807
106
2930
6632
3965
5702
2360
51
2268
64
2797
8224
956
1635
3603 9096
6773
4564
4195
1627
4735 9634
3356
5677
8427
6764
7208 9521
2948
5972
80
7134
4086
7707
1763
2186 9052
5716
8528
7012
2509
1977
997
4976
7768
2404
4178
3861
6791
2196
1757 9805
6396
3825
5066 9767
6738
8453 9605
1586
3606
6272 9523
7198 8872
2205 8676 9055
6190
3415 9002
8312
3988
5653
1382
4587
8371
5086
5496
7213
1605
6242
6104 8852 9872
2647
3574
1942
7466
3941
435
8325
1446
1230
4355 9321
7744
4756
1766
8051
3304
4346
2486
7011
2940
2119 9197
6940
6849
3312
1491
662
2918
5357
8247
3380
4418
811
4944
1105
4824
4730 9938
3292
1633
8159
7910
8622
8439
1063
2443
3243 9952
6637
5979
8532
5513
3042
8415
6633 8732
2677
2323
4207
2438
7394 9431
7459
8290
4293
8376
460
7571
4596 9571
5012
2210
5062
2510
6079
6876
4735
183
2879 8995
3304
4726
1581
233
396
4981
3407
1199
5698
2353
2853
226
1468
1557
1217
6698
8303
7052 9178
5221
4413
8156
8434
2692
8687
2622
7478
3778
7553
7641
4033
6066
6018
211
6036
6528
2603
1156
2936
4871
2136
7253
5031
5119
7050
1765
7465
496
2333
5396
708
1377
6697
4097
124
3161 8780 9027 9540 9979
6376
8301 9045
1849
1510 9758
2475
3105
8053
5263
641
3511
734
8477
7122
5737
6727
177
8763
3825
1550 9449
8310
2921 9504
742
5122 9937
3302
3890
50
4330
1029
7722
2415
1115
2005
2176
7907
5377
7411
572
2013
5197
4141
4304
6534
1821
1543
3362
3708
140
8555
3362 9455 9810
5494
7457
8186
1585
3222
8528
1008
4848
3367
7071
1910
5646
1113
7569
1527
3540
1130
7926
5333
7372
109
6532
6784
1251
3760
1665
3837 9570
2139
6745 9939
7638
4473
1091
6524
3551
5917
3409
7779 9419
5825
6565
8636
1403
1540 9396 9439
3808
332
6650
8442
6284
3909
3444
4398
8183
7889
8311
4528
441
7935
1441
4390 9159 9240
8250
8621
6240
4209
7547
7942
6017
5967
6403
6261
5742
1976
5652
4965
5365
7451
7040
5191
1558
5914
459
5166
2755 9862
4298 9153
3826
4394
6633
3175
6206
7948
2322
8201 9789
4110
8190 9554
2012
547
6215
1766 9835
1337
3767 9451
4991
677
6534
3761
1634
2350
6725
1344
6874
5117
2200
2253
2575
1747
6300
664
1034
5698
5308
7694
4288
4672
5559
2246 9483
7536
181
1812
4486
1303 9372
6740
1041
7610
1440
1003
4077
7350 9669
1162
3366
4931
7414
4210
2569
7098
7402
6848
7853
8208
4137
2575
786
8192
8262
3176
704
7996
6045
7295
2940
52
2529
2164
3345
4324
521
5734
151
789
448
949 9811
7279
7828
8158
5076 9306 9508
891
8303
2490
6444
1808 9110
821
3237
7206
6718
3944
5604
8708
3456
5789
6653
511
8047
620
8624
5048
2342
207
2875
3025
352
3210
6853
3314 9134
5604
2085
1421
3047
5208
891
396
7267
6125
6324
3612
7420
1698
6230
3845
8763
7990
5167
3596
3456
5311
1215 9129
208
327
6915
857
5738
7116
2761
3771 9688
3294
677
5716
8765
3964 9274
6899
1729
5122
3605
636
8598 9764
1808
8301
8622
5760
779
3082
1854
8462
6182
7102
6577
3068
4158
6860
4249
1183
4913
466
7643
1542
6175
1512
2964
3873
133 9182
3110
1560
1225
3764
2716
6912
3981
232
1849
1300
4054
7874
2271
5289
5492
5814
6854
861
8580
885
7044
560
2151
4016
3138
950
849 9303
5131
1352
6501
5214 9138
3778
8988
5214 9564
7866
6835
1426
6968
514
8110
5387
7877
4372
8213
3896
470
1963
5719
1848
528
1733
9033 9237
4825
2359
7321
4595
9011
4170
4891
1923 9545
9108
3835
986
4807
5642
5902
3111
8513
4191
5669 9334
5497
7027
3579
52
2965
8894
8361
7069
203
5933
7287
8870
4063
4491
7970
4236
3216
250
4466
1784
276
7467
1590
5598
7682
3548
6034
5791
6233 9406
3177
8726
4286
7028 9955
4920
9077
7224
6186
3128
7168
8143
5223 9790
7154
7811
7840
554
8554
7452 9820
5516
2632
8656
4005
231
2418
6300
5921
7072
6225
4337
2024
3335
8083
4185
1527
3588
6555 9708
1678
4756
7463 9507
4486 9698
6884
3250
5518
5275 9921
8169
5085 9916
8061
8080
317
812
6322
1734
8196
5538
735
6412
3905
43
189
799
9129
5987
7098 9738
8870
105
1730
440
5656
1032
2639
4252
7243
5983
3996
8484
335
1620
6418
6976
6134
7244
3921
8266 9866
2635
225
7180
7032
5896
1309
8163
1642
7122
3738
1823
234
5998
1223
9046
4874
5666
199
26
4835
5858
8484
585
2185
2034
8295
4692
690 9903
3858
7751
1341
697
3162
6393
8247
3596
1927
961
5527
7766
452
4022
561
9104
4243
5448
8983
7884
6654
7197
2003 9482
6315
7901
4635
2646
1091
4140
4229
4069
2075
598
8646
1265
2063
6235
6173
2362
6950
1787
1193
938
7657
714
5372
9147
3410
1203
7547
1631
1642 9779
2658
8148
7668
1064
4004
5508
7140
1095
6531
4185
4742
5353
2408
5895
4521
2694
1658
1070
6694
1534
153
6814
3861
8298
6234
4651
2076
2586 9400
5008
2064
3227
5912
8939
5856
4632
2588
6897
3617
5792
2464
6706
3508
6492
5874
4103
7007
6818
872
2106
4549
2001
48
72
3365
449
1005
8854
1621
824
5139
9367
6095
3880
3245
2742 9637
5713
9176
650
6978
8525
6363
7216
8081
4762
8400
7200
843
1348
2379
8849
253
5140
8088
5702
1490
6858
6482
1173
3059
6055
4871
8692
4403
4665
4933
1537
1054
7462
3794
8854
6620
6234
5003
2740
7080
7746 9586
7511
3009
7835
8782
8080
8910
4168
8394
300
8812
8058
5239 9912
6847 9500
6911
4718
6750 9964
5248
3492
8135
7230
3392
7533 9743
3159
2335
7575 9497
5832
7170
7985
20 9704
8263
6959
2864
5766
413
2539
5635
9310 9943
8934
2301
3667
1889
7561
8418
4542
3632
5038
2225
281
833
2494
567
9470
3813
8495
9458
3698
1245
7203
8784
5802
1896 9787
9215
8983
5708 9936
4275
5299
739
6320
6337
6331
2452
2733
2852
4198
2113
8590
5539
8620
3071
715
5590
8436
4744
2308
72
148
441 9768
757
3883
187
8445
7744
1668
5634
8763
6762
7541
7792
5812
9137
6372
1564
2474
7159
1014
281
1042
7308
8904
5701
420
5576
2359
5667
7529
6368
2240
6257
9111
5699
4369
233
7011
1996
8839
8699
8335
5762
1504
7591
4576
755
1623
4934
2262
6307
2175
6309
6083
395
9445
5929
3655
2405
2364
6459
1063
1537
7140
1639
1721
7083
3647
486
5639
320
2690
1119
449
8617
8374
5862
4939
6603
1676
4906
6795
7410
1264
591
4184
2920
3413
2539
4218
6291
592
2291
1404 9716
2570
7689
2322
4780
529
4785
3603
1944
5420
8585
6443
1964
9404
6300
339
5062
4090
683
6710
581
1228
771
361
2841
3
2433
2227
7399
7390
6948 9799
3308
6415
1328
6090
5718
3114
1854
6930
5608
6351
2755
1146
5232
2973
8946
5071
7038 9906
2517
4718
1684
7614
4442
4749
5532
2196
1685
3065
4002
4346
402
693
6143
943
9041
6365
3044
5964
4479
8196
8255
6898
6890
500
9216
568
7031
3905
8056
2783
9474
4810
3551
3610
9212
2478
4215
6283
1666
6400
7461
8016
9624
7799
3533
8514
1048
4340
2251
7677 9748
3886
1693
5047
1240
5477
6784
2336
4763
3898
4318
1214
3567
7726
6756
9239
2466 9816
5271
2578
3984
9467
3034
6931
8251
2941
9723
2437
3811
1190
698
4028
762
4901
565
6032
8767
6877
7841
1572
7791
5333
9052
188
1819
8615
9532
6886
733
5760 9870
3365
7499
1703
1307
1605
1461
4074
9339
3746
81
5205
157
5603
3787
2114
9506
28
8902
9188
8224
7521
657
4463
1672
4436
4335
6146
9654
5585
1833
4402
2880
4550
8612
7161
6193
2170
6771
8812
8979
2384
3052
6967
6387
9739
6871
3056
4777
9194
6500
1579
1011
3011
1278
8337
293
5451
7238
3041
3289
4432
3233
2290
8908
995
3520
4067
1784
7096
4022
459
1102
7317
1365
4543
8358
2246
5760
3655
6578
8369
3090
2823
7540
7852
8531
7435
8327
5624
4168 9975
8893
856
5469
628
9259
2423
4712
1095
9771
5134
8636
1782
2344
8448
826
6020
1069
3374
7949
3223
6033
5685
3921
7559
3124
5927
4060
6930
4551 9957
8373
4368
4531
7850
7830
8191
1502
4198
4033
4930
6349
7500
9287
5525
1797
9671
5537
6147
2655
8093
2197
9457
2958
6433
1100
9222
5340
2426
7708
2579
9220
3634
4852
6565
2390
2861
7996
5026
1062
6313
6852
2231
1983
7901
4726
9509
8786
8671
8841
6740
7071
4344
9482
2146
8473
1699
6776
883
4336
1976
4455
8680
3825
3469
9180
1950
9890
7747
3765
1444
5113
145
5397
9461
1582
8294
2517
6595
464
7543
499
1137
714
4476
9861
2493
7391
6386
8763
5021
4924
1646
6846
7074
1789
3
4836
1750
5733
50
1649
7585
7515
5232
7785
5709
2540
5567
405
7035
